0 3.04159265358979 0
0.1 3.03910818126897 -0.0496667132534454
0.2 3.03163850214883 -0.100347665913783
0.3 3.0190524139885 -0.153997482277653
0.4 3.00083859424751 -0.214155101024713
0.5 2.97629754731024 -0.282984814501619
0.6 2.94435064072708 -0.363889041364515
0.7 2.90340678223081 -0.46086035932352
0.8 2.85169407140504 -0.577859945518291
0.9 2.78695377624789 -0.719688863993944
1 2.70651582640239 -0.891578900283687
1.1 2.60709529036198 -1.09935027338351
1.2 2.48483165112518 -1.34879796679143
1.3 2.33531478246026 -1.64475207460152
1.4 2.15375231495832 -1.98927791028503
1.5 1.9354070665625 -2.37864796943844
1.6 1.67634815327513 -2.79912473046998
1.7 1.37472282330411 -3.22220712697119
1.8 1.03242055636186 -3.60236869182418
1.9 0.656614370111432 -3.88141546996247
2 0.260365514632546 -4.00298129969313
2.1 -0.138557191933379 -3.93320243339566
2.2 -0.520846356709334 -3.67549055598898
2.3 -0.869390356324489 -3.26803766705118
2.4 -1.1719108561895 -2.76628447299834
2.5 -1.42170383819813 -2.2227245927769
2.6 -1.61663089559755 -1.67498526280087
2.7 -1.75744248846295 -1.14353816450061
2.8 -1.84620917947538 -0.635045362172034
2.9 -1.88518073084291 -0.147319702037408
3 -1.8761337710457 0.326169382244699
3.1 -1.82012840159585 0.792641093609639
3.2 -1.71759386890004 1.25682633964587
3.3 -1.56873644985732 1.71792634318818
3.4 -1.37424815766311 2.16649362473951
3.5 -1.13630659246193 2.58201422563602
3.6 -0.859721420355232 2.93277439324854
3.7 -0.552874219631176 3.18029010986175
3.8 -0.227961791220043 3.28904014149683
3.9 0.0999382396350593 3.23870324811863
4 0.414858645130345 3.0323042999406
4.1 0.702297631397379 2.69502312243523
4.2 0.950988949360122 2.2645672911668
4.3 1.15356238151703 1.77921515516095
4.4 1.30614447288765 1.26943798587539
4.5 1.40737985458468 0.755147287332148
4.6 1.4574202439309 0.247047740751683
4.7 1.45716215941399 -0.250027850796421
4.8 1.4078504238855 -0.733276642504938
4.9 1.31106069692883 -1.19830028256724
5 1.16901810694908 -1.63602186288444
5.1 0.985181199901249 -2.03065853431208
5.2 0.764938029096855 -2.35962704441951
5.3 0.516171367956388 -2.59638790646717
5.4 0.249389791268109 -2.71641597800584
5.5 -0.0228715016037724 -2.70464955223928
5.6 -0.287286378006747 -2.5609165017647
5.7 -0.531296509862608 -2.30036153906503
5.8 -0.744444363422712 -1.94861555232287
5.9 -0.919052358140524 -1.53460462840408
6 -1.05023917110439 -1.08443078426747
6.1 -1.13545651112708 -0.618305758144427
6.2 -1.17386967915302 -0.150523813877196
6.3 -1.16585040853281 0.308649674025325
6.4 -1.11270407290784 0.750330755714902
6.5 -1.01666583001825 1.16439632292452
6.6 -0.881130298305251 1.53758160727894
6.7 -0.711002991662607 1.8529290819865
6.8 -0.513029565809737 2.09110889588762
6.9 -0.295875170414684 2.23378290186171
7 -0.069796799323097 2.26813807074934
7.1 0.154113354623117 2.19080028814582
7.2 0.364969967763971 2.00923944231531
7.3 0.553112262632635 1.73992617534114
7.4 0.710812444164143 1.40424238507433
7.5 0.832538003816813 1.02414775696835
7.6 0.914851894720888 0.619171453920051
7.7 0.95609872921439 0.205360446664102
7.8 0.956071908664342 -0.204149448856776
7.9 0.915791492189282 -0.597663479751681
8 0.837443462160613 -0.963305630648322
8.1 0.724462424186632 -1.28787168322729
8.2 0.581682120098173 -1.55667430622726
8.3 0.415436202900864 -1.75468343142834
8.4 0.233486348069059 -1.86885263109132
8.5 0.0446815059007389 -1.89096712529396
8.6 -0.141651381464788 -1.81988287655997
8.7 -0.31645653974777 -1.66213462623689
8.8 -0.471667452367717 -1.43062692049442
8.9 -0.600721751194653 -1.14202683351739
9 -0.698794626836739 -0.813988609871255
9.1 -0.762786778730931 -0.463172298136437
9.2 -0.791177533675652 -0.104401130327264
9.3 -0.783841705752267 0.249155519965475
9.4 -0.741918607903299 0.585217554351698
9.5 -0.66776578971037 0.891586209924336
9.6 -0.564979991087349 1.15574009288173
9.7 -0.438410807214586 1.36518966238387
9.8 -0.294110680117318 1.50860376426766
9.9 -0.13913982939535 1.5775143137467
10 0.0188119185042482 1.56802157096535
