0 0 1
0.0628318530717959 0.062797911724486 0.998026430144331
0.125663706143592 0.125373984162699 0.992111106021962
0.188495559215388 0.187464315682243 0.982275089435288
0.251327412287183 0.248816542128034 0.968556740968678
0.314159265358979 0.309188883116521 0.951009645481628
0.376991118430775 0.368341548336826 0.929702807096727
0.439822971502571 0.426038197037173 0.90472086820656
0.502654824574367 0.48204903232157 0.876163380787241
0.565486677646163 0.536152228580918 0.844143909580005
0.628318530717959 0.58813442435483 0.808789344645385
0.691150383789754 0.63779107348091 0.770239371526608
0.75398223686155 0.684926904719491 0.728645984682366
0.816814089933346 0.729356484487904 0.684172986062378
0.879645943005142 0.770904830143628 0.636995452996849
0.942477796076938 0.809408039525753 0.587299171895813
1.00530964914873 0.844713877969727 0.535280088476424
1.06814150222053 0.876682660440669 0.481143301358536
1.13097335529233 0.905173204285757 0.42512821284363
1.19380520836412 0.930088111369779 0.367436175103341
1.25663706143592 0.951330995865485 0.308290987240754
1.31946891450771 0.968819479117297 0.247920459598775
1.38230076757951 0.982478613705659 0.186580759266631
1.4451326206513 0.992256020766925 0.124514616320068
1.5079644737231 0.998118454677201 0.0619404325471426
1.5707963267949 1.00003772592586 -0.00085723971981775
1.63362817986669 0.998009641817696 -0.0636637728054397
1.69646003293849 0.99204173567425 -0.12621103499264
1.75929188601028 0.982156813280991 -0.188265688998154
1.82212373908208 0.968396008236843 -0.249568812496425
1.88495559215388 0.950809327774928 -0.30989932206109
1.94778744522567 0.92947376357026 -0.368989837679446
2.01061929829747 0.90446405231348 -0.426638387107956
2.07345115136926 0.875887786577719 -0.482592516707677
2.13628300444106 0.843850173706784 -0.536649163882192
2.19911485751286 0.80848182474087 -0.588585261978058
2.26194671058465 0.769922816846658 -0.638196310741127
2.32477856365645 0.72831763657942 -0.685295612745101
2.38761041672824 0.683845208976491 -0.729679634393856
2.45044226980004 0.636659382040385 -0.771195971836825
2.51327412287183 0.586973079277428 -0.809654920583439
2.57610597594363 0.534953835110717 -0.844928868177012
2.63893782901543 0.480839595929011 -0.876854338371609
2.70176968208722 0.424814315892105 -0.905325522611036
2.76460153515902 0.367123633053601 -0.930215855811428
2.82743338823081 0.307981038930427 -0.951435360835051
2.89026524130261 0.247619215611803 -0.968899759496751
2.95309709437441 0.186286079925907 -0.982537174269747
3.0159289474462 0.124220435487312 -0.992295686447203
3.078760800518 0.0616617984659472 -0.998137857207569
3.14159265358979 -0.00114072210796175 -1.00003998786552
3.20442450666159 -0.0639385012586198 -0.997994500063936
3.26725635973339 -0.126483780754219 -0.992009513837304
3.33008821280518 -0.188528171231361 -0.982108898087108
3.39292006587698 -0.249826218405234 -0.968332171189916
3.45575191894877 -0.310139145704895 -0.950733264795427
3.51858377202057 -0.369228701782096 -0.929381509206589
3.58141562509236 -0.42686118042413 -0.904361202613896
3.64424747816416 -0.482809720284258 -0.875770729723974
3.70707933123596 -0.536853614354867 -0.843722627145212
3.76991118430775 -0.588779001788067 -0.808343434190843
3.83274303737955 -0.638381546421055 -0.769772123868434
3.89557489045134 -0.685463720168224 -0.728161991850476
3.95840674352314 -0.729837071901943 -0.683679928834508
4.02123859659494 -0.771332222694679 -0.636496220511125
4.08407044966673 -0.809785111235175 -0.586796178735132
4.14690230273853 -0.845040842438491 -0.534778872938135
4.20973415581032 -0.876956618590977 -0.480655525819361
4.27256600888212 -0.905409769658821 -0.424636177216974
4.33539786195391 -0.930289180514482 -0.366939959463785
4.39822971502571 -0.951496104419289 -0.307795645160695
4.46106156809751 -0.968946712048262 -0.247437365418204
4.5238934211693 -0.982572488495031 -0.186102756301041
4.5867252742411 -0.992319704536237 -0.124034020799335
4.64955712731289 -0.998150058348769 -0.0614754433122138
4.71238898038469 -1.00004046226009 0.00132567260337633
4.77522083345649 -0.997983540045594 0.0641199069539307
4.83805268652828 -0.99198767374843 0.126659744924341
4.90088453960008 -0.982076516070363 0.188700032621372
4.96371639267187 -0.968289081404431 0.249996034210969
5.02654824574367 -0.950679611115737 0.310306090871876
5.08938009881546 -0.9293171958159 0.36939292302278
5.15221195188726 -0.904286679570849 0.427021284978809
5.21504380495906 -0.875687663526709 0.482962249348889
5.27787565803085 -0.843631790452832 0.536997902120396
5.34070751110265 -0.808245684112274 0.588914445441231
5.40353936417444 -0.769668464295115 0.638507517851471
5.46637121724624 -0.728052601543967 0.685580744651913
5.52920307031804 -0.683562254064532 0.729948230968413
5.59203492338983 -0.636372359230145 0.771435274271158
5.65486677646163 -0.586669882515569 0.80987717664686
5.71769862953342 -0.534651715962662 0.845121599622286
5.78053048260522 -0.480523793819642 0.877029153749649
5.84336233567702 -0.424500128482309 0.905473929656643
5.90619418874881 -0.366800755672282 0.930344421091301
5.96902604182061 -0.307653219960526 0.951542530463788
6.0318578948924 -0.247293396842453 0.968983840583053
6.0946897479642 -0.185959977158487 0.982599817268496
6.15752160103599 -0.123891416504837 0.992337792294613
6.22035345410779 -0.0613314113586536 0.998159248061849
6.28318530717959 0.00146597271885213 1.00004051857964
