-1 0.356588161042586 0.192497730304415 0.17894556181665 -1.0484196599119 
-0.984375 0.357975099407593 0.0281317268039938 -0.0023771425710068 -1.04283344519456 
-0.96875 0.356485687169144 -0.146208147381496 -0.189108853508777 -1.03724792097608 
-0.953125 0.352041207345662 -0.329462434218949 -0.380491520568269 -1.03170866063286 
-0.9375 0.344575533896966 -0.520425847172096 -0.575671249796469 -1.02626237107767 
-0.921875 0.334036640835064 -0.717752854187691 -0.773697001270623 -1.02095668426283 
-0.90625 0.320388123046852 -0.919965158680474 -0.97352041508182 -1.01583992498904 
-0.890625 0.30361071014968 -1.12546107706404 -1.17399689874137 -1.01096085498014 
-0.875 0.283703752681247 -1.33252678652754 -1.37388810095537 -1.0063683934918 
-0.859375 0.260686658058093 -1.53934939114766 -1.57186588523993 -1.0021113150604 
-0.84375 0.234600252076577 -1.7440317283904 -1.76651790183807 -0.998237925364229 
-0.828125 0.205508040332357 -1.94460881195632 -1.95635483780921 -0.994795716558991 
-0.8125 0.173497342854734 -2.13906578113268 -2.13981940303456 -0.991831003858796 
-0.796875 0.138680274545144 -2.32535720172211 -2.31529708434822 -0.989388545557163 
-0.78125 0.1011945437262 -2.50142753961282 -2.48112867129032 -0.987511149113635 
-0.765625 0.0612040412961862 -2.66523260552981 -2.63562452541032 -0.986239266363472 
-0.75 0.0188991936853144 -2.81476174884545 -2.77708053105066 -0.985610581332885 
-0.734375 -0.0255029459417061 -2.94806055990117 -2.90379562963508 -0.985659594552041 
-0.71875 -0.0717588919720052 -3.06325382445039 -3.01409080228991 -0.986417208143948 
-0.703125 -0.119599227448054 -3.15856846090199 -3.10632932784225 -0.987910316320091 
-0.6875 -0.168729430319647 -3.23235616131541 -3.178938105644 -0.990161406224376 
-0.671875 -0.21883103959826 -3.28311545082763 -3.23042979610622 -0.993188174326088 
-0.65625 -0.269563172032713 -3.30951287759051 -3.25942549717808 -0.997003163761547 
-0.640625 -0.320564395269576 -3.31040304652678 -3.26467764318213 -1.00161342815433 
-0.625 -0.371454958337098 -3.28484721538595 -3.24509278433712 -1.00702022749762 
-0.609375 -0.421839374763146 -3.2321301807513 -3.19975388186157 -1.01321876165269 
-0.59375 -0.471309347784982 -3.15177519481418 -3.12794173560861 -1.02019794689883 
-0.578125 -0.519447021023809 -3.04355667082628 -3.0291551495245 -1.02794024075804 
-0.5625 -0.565828531783663 -2.90751045604146 -2.9031294355425 -1.03642152000957 
-0.546875 -0.610027837906069 -2.74394147547935 -2.74985285939758 -1.04561101640383 
-0.53125 -0.651620782990619 -2.55342857773751 -2.56958064271257 -1.05547131408279 
-0.515625 -0.690189358904416 -2.33682644504618 -2.36284615483849 -1.065958412118 
-0.5 -0.725326118980493 -2.09526446343948 -2.13046895542953 -1.07702185489167 
-0.484375 -0.756638690276921 -1.83014248490429 -1.87355938450348 -1.0886049322781 
-0.46875 -0.783754328861747 -1.54312345120831 -1.59351944048835 -1.10064495074088 
-0.453125 -0.80632445842515 -1.23612288831083 -1.29203973798757 -1.11307357555593 
-0.4375 -0.824029129710952 -0.911295320298885 -0.971092395010035 -1.12581724341456 
-0.421875 -0.8365813364041 -0.571017692118474 -0.63291976330971 -1.13879764366835 
-0.40625 -0.843731122292739 -0.217869930418788 -0.280018984184176 -1.15193226546401 
-0.390625 -0.845269414808477 0.145387188977519 0.0848775756536319 -1.16513500699889 
-0.375 -0.841031521481477 0.515836660697707 0.458825879075897 -1.17831684212327 
-0.359375 -0.830900228450511 0.890432114481272 0.838697560241747 -1.19138653854281 
-0.34375 -0.814808443940234 1.26602664959159 1.22121077461467 -1.2042514209518 
-0.328125 -0.792741334532229 1.63940333351135 1.6029642072177 -1.21681817157239 
-0.3125 -0.764737908060433 2.00730703282277 1.98047382150361 -1.2289936598056 
-0.296875 -0.730892003978286 2.36647722152228 2.35021186940758 -1.24068579203198 
-0.28125 -0.691352659972754 2.71368139373737 2.70864762858393 -1.25180437204885 
-0.265625 -0.646323832315024 3.0457486942308 3.05228928689618 -1.26226196221027 
-0.25 -0.59606345679442 3.35960337145747 3.37772635816464 -1.27197473505663 
-0.234375 -0.540881846918385 3.65229765447841 3.68167198801447 -1.28086330509153 
-0.21875 -0.481139436200152 3.92104365685362 3.96100449522589 -1.28885353039059 
-0.203125 -0.417243881609123 4.16324391777704 4.21280749282853 -1.29587727391375 
-0.1875 -0.349646555432485 4.37652020314725 4.43440794459687 -1.30187311473891 
-0.171875 -0.278838462693224 4.55874020687459 4.62341153660007 -1.30678699993845 
-0.15625 -0.205345630694778 4.70804181531811 4.77773477975663 -1.31057282847483 
-0.140625 -0.12972402602789 4.82285462505759 4.89563330737106 -1.31319295928871 
-0.125 -0.0525540623039201 4.9019184358982 4.97572589053745 -1.31461863668077 
-0.109375 0.0255652311909302 4.94429847667041 5.01701376297557 -1.31483032713221 
-0.09375 0.104022303936571 4.94939716055768 5.01889492397047 -1.31381796285301 
-0.078125 0.182199361202487 4.91696220883405 4.98117317206714 -1.31158108857074 
-0.0625 0.259478739967044 4.84709102645157 4.90406171130607 -1.30812890935792 
-0.046875 0.335249298293012 4.74023125927234 4.78818126422815 -1.30348023861865 
-0.03125 0.408912732424462 4.59717751025097 4.6345527196982 -1.29766334669473 
-0.015625 0.479889737038934 4.41906423987971 4.44458443683559 -1.29071571188372 
0 0.547625926697072 4.20735492403948 4.22005441704773 -1.2826836769643 
0.015625 0.611597440525507 3.96382758938492 3.96308764245568 -1.27362201557532 
0.03125 0.671316157464444 3.690556891871 3.6761289591027 -1.26359341397349 
0.046875 0.726334455899704 3.38989294736416 3.36191195562463 -1.25266787478082 
0.0625 0.776249459046212 3.06443716386361 3.02342435110351 -1.24092205030938 
0.078125 0.820706715901982 2.71701536212241 2.66387045841469 -1.22843851390195 
0.09375 0.859403276777334 2.35064850488302 2.28663133055958 -1.21530497844058 
0.109375 0.892090132139483 1.96852138406811 1.89522322656641 -1.20161347173987 
0.125 0.918573993605345 1.57394963969611 1.49325505014363 -1.18745947895188 
0.140625 0.938718406169081 1.1703455036954 1.08438541827606 -1.17294106236019 
0.15625 0.952444190969658 0.761182675918307 0.672280008541092 -1.15815796903134 
0.171875 0.959729227896914 0.349960748332273 0.260569813548501 -1.14321073672389 
0.1875 0.960607596920403 -0.0598304035026861 -0.147189100713826 -1.12819980823491 
0.203125 0.955168106035273 -0.46474584498488 -0.547553777762974 -1.11322466399715 
0.21875 0.943552242001379 -0.861420014274374 -0.937229990924161 -1.09838298223867 
0.234375 0.925951587473194 -1.24659996581778 -1.3131048561123 -1.08376983539213 
0.25 0.902604754568077 -1.61717704841597 -1.67227605736498 -1.06947693070828 
0.265625 0.873793890311969 -1.9702166638166 -2.01207737540427 -1.05559190220231 
0.28125 0.839840813672351 -2.30298577941365 -2.330100282688 -1.04219766016096 
0.296875 0.801102847001285 -2.61297790024603 -2.62421144315033 -1.02937180347918 
0.3125 0.757968406654858 -2.89793524062404 -2.8925660295306 -1.01718609909715 
0.328125 0.710852418341942 -3.15586787384492 -3.13361684431929 -1.00570603178843 
0.34375 0.660191622420826 -3.38506967902024 -3.34611930047965 -0.99499042652745 
0.359375 0.606439832964128 -3.58413094643114 -3.52913238393403 -0.985091144654657 
0.375 0.550063212026734 -3.75194754643897 -3.68201578019085 -0.976052854078011 
0.390625 0.491535617271354 -3.88772661118293 -3.8044234014645 -0.967912872814251 
0.40625 0.431334077037932 -3.99098872247017 -3.89629359742945 -0.960701084295309 
0.421875 0.369934442203752 -4.06156664279364 -3.95783637177717 -0.954439922056521 
0.4375 0.307807258895142 -4.09960066870381 -3.98951795763621 -0.949144420692861 
0.453125 0.245413900407756 -4.10553072624665 -3.99204312750448 -0.94482232932509 
0.46875 0.183202990700461 -4.08008536633185 -3.96633562765113 -0.941474283264878 
0.484375 0.121607145675713 -4.02426785322564 -3.91351713318245 -0.939094029110245 
0.5 0.0610400522704702 -3.93933957143628 -3.83488511850652 -0.937668698141391 
0.515625 0.00189389927247618 -3.82680100469828 -3.73189002929686 -0.9371791226221 
0.53125 -0.0554628321456703 -3.68837056524366 -3.60611212689522 -0.937600189440992 
0.546875 -0.11068721582163 -3.52596157182243 -3.45923835515888 -0.938901225446542 
0.5625 -0.163463368847075 -3.34165769081164 -3.29303955387495 -0.94104640883471 
0.578125 -0.213503588414699 -3.13768716611449 -3.10934831291529 -0.943995201032051 
0.59375 -0.260549149364414 -2.9163961703481 -2.91003772819655 -0.947702793672912 
0.609375 -0.304370778329907 -2.68022161206833 -2.69700128515268 -0.952120565488773 
0.625 -0.344768823627783 -2.43166373156595 -2.47213405871402 -0.957196544202326 
0.640625 -0.381573142693928 -2.17325881123828 -2.23731538157234 -0.962875868839517 
0.65625 -0.414642730953991 -1.90755231589867 -1.99439309559241 -0.969101248230521 
0.671875 -0.44386511752735 -1.6370727638948 -1.74516946533587 -0.975813411856374 
0.6875 -0.469155554127838 -1.36430661187483 -1.49138879843663 -0.982951549603092 
0.703125 -0.490456023970306 -1.09167441481964 -1.23472678556319 -0.990453737401164 
0.71875 -0.507734097458241 -0.821508498940519 -0.976781543378974 -0.998257346147536 
0.734375 -0.520981660958956 -0.556032358641149 -0.719066317625031 -1.00629943172242 
0.75 -0.530213544118886 -0.297341960401845 -0.463003780459149 -1.01451710431812 
0.765625 -0.53546606998523 -0.0473891066181445 -0.209921836653399 -1.02284787568588 
0.78125 -0.536795550736184 0.19203301842361 0.0389491627505891 -1.03122998327483 
0.796875 -0.534276750135535 0.419302029660911 0.282477913217408 -1.03960269058039 
0.8125 -0.528001331972712 0.632976190202688 0.519632478877634 -1.04790656333525 
0.828125 -0.518076311778774 0.831801900032255 0.749479572822505 -1.05608372146163 
0.84375 -0.504622527071884 1.01471882681055 0.971182927031152 -1.06407806695782 
0.859375 -0.487773139327985 1.18086271039474 1.18400088338401 -1.07183548811428 
0.875 -0.467672178835293 1.32956590044035 1.38728333467729 -1.07930404064496 
0.890625 -0.444473141611069 1.46035571236296 1.58046813984057 -1.08643410647785 
0.90625 -0.418337645667537 1.5729507107072 1.76307713100744 -1.09317853107786 
0.921875 -0.389434152136673 1.66725505036031 1.93471182203797 -1.09949274027439 
0.9375 -0.357936755121816 1.74335102485093 2.09504891887762 -1.10533483763945 
0.953125 -0.324024042653163 1.80148998703334 2.24383572208554 -1.11066568351048 
0.96875 -0.287878029794956 1.84208182066362 2.3808855012835 -1.11544895677871 
0.984375 -0.249683163790477 1.86568315166048 2.50607291044887 -1.11965120057101 
