0 0 1
0.0628318530717959 0.062797911724486 0.998026430144331
0.125663706143592 0.125373984162699 0.992111106021962
0.188495559215388 0.187464318748247 0.982275089125529
0.251327412287183 0.248816527989271 0.968556743106962
0.314159265358979 0.309188692895283 0.951009687033975
0.376991118430775 0.368340744345963 0.929703038306806
0.439822971502571 0.426036074154598 0.904721631606304
0.502654824574367 0.482044813382887 0.876165213672201
0.565486677646163 0.536145361651228 0.844147428315588
0.628318530717959 0.588124925384152 0.808794988417457
0.691150383789754 0.637779909970779 0.770246968417712
0.75398223686155 0.684916424523296 0.728654085930459
0.816814089933346 0.729338353828817 0.684189459767296
0.879645943005142 0.770870633226922 0.637031179903571
0.942477796076938 0.809360349433933 0.587355735452457
1.00530964914873 0.844658194018663 0.535354958151365
1.06814150222053 0.876622251034805 0.481236121887747
1.13097335529233 0.905113150426711 0.425234914194547
1.19380520836412 0.930035093466939 0.367545799782464
1.25663706143592 0.951286592638131 0.308400219474736
1.31946891450771 0.968775824495563 0.248052281055926
1.38230076757951 0.982444996713359 0.186707991673461
1.4451326206513 0.99223063168494 0.124644424076538
1.5079644737231 0.998100652064303 0.0620775736586817
1.5707963267949 1.00002915247394 -0.000726960546116356
1.63362817986669 0.998009394985214 -0.0635341443023619
1.69646003293849 0.992049611145937 -0.126083602179168
1.75929188601028 0.982172033761589 -0.188144736287328
1.82212373908208 0.968418907684372 -0.249449025950535
1.88495559215388 0.950839768872895 -0.309781582948663
1.94778744522567 0.929509826871245 -0.368879414057016
2.01061929829747 0.904508625748889 -0.42652682304622
2.07345115136926 0.875934207523694 -0.482494500431715
2.13628300444106 0.843907875941602 -0.536545138222914
2.19911485751286 0.80854581991224 -0.58848558313025
2.26194671058465 0.76998952835512 -0.638105283649615
2.32477856365645 0.728400769411883 -0.685196391708876
2.38761041672824 0.68393295207414 -0.72958735608495
2.45044226980004 0.636762735559133 -0.771100283416493
2.51327412287183 0.587080115968952 -0.809567502955634
2.57610597594363 0.535084581346263 -0.844835399765397
2.63893782901543 0.48097382966514 -0.876770600355343
2.70176968208722 0.424962662319395 -0.90524556488143
2.76460153515902 0.367273161514256 -0.930147045956904
2.82743338823081 0.308136324570747 -0.951375399176975
2.89026524130261 0.247786053333171 -0.968847281159244
2.95309709437441 0.186456001117951 -0.982495381966435
3.0159289474462 0.1243889113812 -0.992265357980017
3.078760800518 0.0618302768111627 -0.998118389464248
3.14159265358979 -0.000972609271742161 -1.0000312602821
3.20442450666159 -0.0637716050101218 -0.997996395339863
3.26725635973339 -0.126318674871719 -0.992021852088757
3.33008821280518 -0.188366845592093 -0.982131262892637
3.39292006587698 -0.249670634771541 -0.968363837628889
3.45575191894877 -0.309987659692798 -0.950774193849444
3.51858377202057 -0.36908134855644 -0.92943148228514
3.58141562509236 -0.426718332978882 -0.904419933295615
3.64424747816416 -0.482671034622241 -0.875838267142542
3.70707933123596 -0.536718554849936 -0.843799295530501
3.76991118430775 -0.588647539536619 -0.808429469330303
3.83274303737955 -0.63825301526015 -0.769868373491273
3.89557489045134 -0.685339193150674 -0.728268170578897
3.95840674352314 -0.72971961572459 -0.683793605130716
4.02123859659494 -0.771218919935504 -0.636620601220343
4.08407044966673 -0.80967396057453 -0.586934820674564
4.14690230273853 -0.844932994885388 -0.53493235931115
4.20973415581032 -0.876856899149934 -0.48081842724914
4.27256600888212 -0.905319713231726 -0.424806530906284
4.33539786195391 -0.9302091308507 -0.367117622288054
4.39822971502571 -0.951426933554511 -0.307979219405543
4.46106156809751 -0.968889366668807 -0.247624501783319
4.5238934211693 -0.982527455827308 -0.186291385111629
4.5867252742411 -0.992286665186721 -0.124225155470848
4.64955712731289 -0.998129002264403 -0.0616697044736709
4.71238898038469 -1.00003166820393 0.00112952842392566
4.77522083345649 -0.997987073205379 0.0639250598364839
4.83805268652828 -0.992003109923854 0.126469499561028
4.90088453960008 -0.982103250238326 0.188515519622363
4.96371639267187 -0.968327398843188 0.249813657260011
5.02654824574367 -0.950729412804187 0.310126323853965
5.08938009881546 -0.929378423760705 0.369216072485959
5.15221195188726 -0.904358188809347 0.426850332175541
5.21504380495906 -0.875769422690793 0.482796909888026
5.27787565803085 -0.843724265264726 0.536837241606193
5.34070751110265 -0.808348047109274 0.58875997043787
5.40353936417444 -0.769779571089408 0.6383607933865
5.46637121724624 -0.728175651889026 0.685437966887637
5.52920307031804 -0.683696875177327 0.729810598876305
5.59203492338983 -0.636517639662235 0.771304306794931
5.65486677646163 -0.586827260709737 0.809752337597512
5.71769862953342 -0.534821695401252 0.845003403864645
5.78053048260522 -0.480702989516773 0.876920583321178
5.84336233567702 -0.424687672559286 0.905375900740795
5.90619418874881 -0.366997652202482 0.930256834127664
5.96902604182061 -0.3078562862905 0.951467111398388
6.0318578948924 -0.247501819530347 0.968921057904316
6.0946897479642 -0.186170860865728 0.982550514231958
6.15752160103599 -0.124101617011295 0.992302413524247
6.22035345410779 -0.0615473873167783 0.998136809380194
6.28318530717959 0.00125241964050773 1.00003180773064
