1 1 1 1
1.1 1 1.1 1.21
1.2 1 1.2 1.44
1.3 1 1.3 1.69
1.4 1 1.4 1.96
1.5 1 1.5 2.25
1.6 1 1.6 2.56
1.7 1 1.7 2.89
1.8 1 1.8 3.24
1.9 1 1.9 3.61
2 1 2 4
2.1 1 2.1 4.41
2.2 1 2.2 4.84
2.3 1 2.3 5.29000000000001
2.4 1 2.4 5.76000000000001
2.5 1 2.5 6.25000000000001
2.6 1 2.6 6.76000000000001
2.7 1 2.7 7.29000000000001
2.8 1 2.8 7.84000000000001
2.9 1 2.9 8.41000000000001
3 1 3 9.00000000000001
3.1 1 3.1 9.61000000000001
3.2 1 3.2 10.24
3.3 1 3.3 10.89
3.4 1 3.4 11.56
3.5 1 3.5 12.25
3.6 1 3.6 12.96
3.7 1 3.7 13.69
3.8 1 3.8 14.44
3.9 1 3.9 15.21
4 1 4 16
4.1 1 4.1 16.81
4.2 1 4.2 17.64
4.3 1 4.3 18.49
4.4 1 4.4 19.36
4.5 1 4.5 20.25
4.6 1 4.6 21.16
4.7 1 4.7 22.09
4.8 1 4.8 23.04
4.9 1 4.9 24.01
5 1 5 25
