1 0 1 2
1.1 0 1 2.2
1.2 0 1 2.4
1.3 0 1 2.6
1.4 0 1 2.8
1.5 0 1 3
1.6 0 1 3.2
1.7 0 1 3.4
1.8 0 1 3.6
1.9 0 1 3.8
2 0 1 3
2.1 0 1 3.4
2.2 0 1 3.8
2.3 0 1 4.2
2.4 0 1 4.6
2.5 0 1 5.00000000000001
2.6 0 1 5.40000000000001
2.7 0 1 5.80000000000001
2.8 0 1 6.20000000000001
2.9 0 1 6.60000000000001
3 0 1 5.00000000000001
3.1 0 1 5.40000000000001
3.2 0 1 5.80000000000001
3.3 0 1 6.20000000000001
3.4 0 1 6.60000000000001
3.5 0 1 7.00000000000001
3.6 0 1 7.40000000000001
3.7 0 1 7.80000000000001
3.8 0 1 8.20000000000001
3.9 0 1 8.60000000000001
4 0 1 8.00000000000001
4.1 0 1 8.2
4.2 0 1 8.4
4.3 0 1 8.6
4.4 0 1 8.8
4.5 0 1 9
4.6 0 1 9.2
4.7 0 1 9.4
4.8 0 1 9.6
4.9 0 1 9.8
5 0 1 10
