1 0 0 0
1.1 0.1 0.105 0.110333333333333
1.2 0.2 0.22 0.242666666666667
1.3 0.3 0.345 0.399
1.4 0.4 0.48 0.581333333333334
1.5 0.5 0.625000000000001 0.791666666666668
1.6 0.600000000000001 0.780000000000001 1.032
1.7 0.700000000000001 0.945000000000001 1.30433333333334
1.8 0.800000000000001 1.12 1.61066666666667
1.9 0.900000000000001 1.305 1.953
2 1 1.5 2.33333333333334
2.1 1.1 1.705 2.75366666666667
2.2 1.2 1.92 3.21600000000001
2.3 1.3 2.145 3.72233333333334
2.4 1.4 2.38 4.27466666666667
2.5 1.5 2.625 4.87500000000001
2.6 1.6 2.88 5.52533333333334
2.7 1.7 3.145 6.22766666666668
2.8 1.8 3.42 6.98400000000001
2.9 1.9 3.705 7.79633333333335
3 2 4.00000000000001 8.66666666666668
3.1 2.1 4.30500000000001 9.59700000000002
3.2 2.2 4.62000000000001 10.5893333333334
3.3 2.3 4.94500000000001 11.6456666666667
3.4 2.4 5.28000000000001 12.768
3.5 2.5 5.62500000000001 13.9583333333334
3.6 2.6 5.98000000000001 15.2186666666667
3.7 2.7 6.34500000000001 16.551
3.8 2.8 6.72000000000001 17.9573333333334
3.9 2.9 7.10500000000001 19.4396666666667
4 3 7.50000000000001 21
4.1 3.1 7.90500000000001 22.6403333333334
4.2 3.2 8.32000000000001 24.3626666666667
4.3 3.3 8.74500000000001 26.169
4.4 3.4 9.18000000000001 28.0613333333334
4.5 3.5 9.625 30.0416666666667
4.6 3.6 10.08 32.112
4.7 3.7 10.545 34.2743333333333
4.8 3.8 11.02 36.5306666666667
4.9 3.9 11.505 38.883
5 4 12 41.3333333333333
