-1 0.356588161042586
-0.984375 0.357975099407593
-0.96875 0.356485687169144
-0.953125 0.352041207345662
-0.9375 0.344575533896966
-0.921875 0.334036640835064
-0.90625 0.320388123046852
-0.890625 0.30361071014968
-0.875 0.283703752681247
-0.859375 0.260686658058093
-0.84375 0.234600252076577
-0.828125 0.205508040332357
-0.8125 0.173497342854734
-0.796875 0.138680274545144
-0.78125 0.1011945437262
-0.765625 0.0612040412961862
-0.75 0.0188991936853144
-0.734375 -0.0255029459417061
-0.71875 -0.0717588919720052
-0.703125 -0.119599227448054
-0.6875 -0.168729430319647
-0.671875 -0.21883103959826
-0.65625 -0.269563172032713
-0.640625 -0.320564395269576
-0.625 -0.371454958337098
-0.609375 -0.421839374763146
-0.59375 -0.471309347784982
-0.578125 -0.519447021023809
-0.5625 -0.565828531783663
-0.546875 -0.610027837906069
-0.53125 -0.651620782990619
-0.515625 -0.690189358904416
-0.5 -0.725326118980493
-0.484375 -0.756638690276921
-0.46875 -0.783754328861747
-0.453125 -0.80632445842515
-0.4375 -0.824029129710952
-0.421875 -0.8365813364041
-0.40625 -0.843731122292739
-0.390625 -0.845269414808477
-0.375 -0.841031521481477
-0.359375 -0.830900228450511
-0.34375 -0.814808443940234
-0.328125 -0.792741334532229
-0.3125 -0.764737908060433
-0.296875 -0.730892003978286
-0.28125 -0.691352659972754
-0.265625 -0.646323832315024
-0.25 -0.59606345679442
-0.234375 -0.540881846918385
-0.21875 -0.481139436200152
-0.203125 -0.417243881609123
-0.1875 -0.349646555432485
-0.171875 -0.278838462693224
-0.15625 -0.205345630694778
-0.140625 -0.12972402602789
-0.125 -0.0525540623039201
-0.109375 0.0255652311909302
-0.09375 0.104022303936571
-0.078125 0.182199361202487
-0.0625 0.259478739967044
-0.046875 0.335249298293012
-0.03125 0.408912732424462
-0.015625 0.479889737038934
0 0.547625926697072
0.015625 0.611597440525507
0.03125 0.671316157464444
0.046875 0.726334455899704
0.0625 0.776249459046212
0.078125 0.820706715901982
0.09375 0.859403276777334
0.109375 0.892090132139483
0.125 0.918573993605345
0.140625 0.938718406169081
0.15625 0.952444190969658
0.171875 0.959729227896914
0.1875 0.960607596920403
0.203125 0.955168106035273
0.21875 0.943552242001379
0.234375 0.925951587473194
0.25 0.902604754568077
0.265625 0.873793890311969
0.28125 0.839840813672351
0.296875 0.801102847001285
0.3125 0.757968406654858
0.328125 0.710852418341942
0.34375 0.660191622420826
0.359375 0.606439832964128
0.375 0.550063212026734
0.390625 0.491535617271354
0.40625 0.431334077037932
0.421875 0.369934442203752
0.4375 0.307807258895142
0.453125 0.245413900407756
0.46875 0.183202990700461
0.484375 0.121607145675713
0.5 0.0610400522704702
0.515625 0.00189389927247618
0.53125 -0.0554628321456703
0.546875 -0.11068721582163
0.5625 -0.163463368847075
0.578125 -0.213503588414699
0.59375 -0.260549149364414
0.609375 -0.304370778329907
0.625 -0.344768823627783
0.640625 -0.381573142693928
0.65625 -0.414642730953991
0.671875 -0.44386511752735
0.6875 -0.469155554127838
0.703125 -0.490456023970306
0.71875 -0.507734097458241
0.734375 -0.520981660958956
0.75 -0.530213544118886
0.765625 -0.53546606998523
0.78125 -0.536795550736184
0.796875 -0.534276750135535
0.8125 -0.528001331972712
0.828125 -0.518076311778774
0.84375 -0.504622527071884
0.859375 -0.487773139327985
0.875 -0.467672178835293
0.890625 -0.444473141611069
0.90625 -0.418337645667537
0.921875 -0.389434152136673
0.9375 -0.357936755121816
0.953125 -0.324024042653163
0.96875 -0.287878029794956
0.984375 -0.249683163790477
