0.24390243902439 0.186501212693154 -0.0787294894433384 -0.0954352447812267
0.48780487804878 0.292960595551581 -0.120105276927156 -0.143280529294806
0.731707317073171 0.345142147623226 -0.133790329894935 -0.154623682099675
0.975609756097561 0.361438349953772 -0.127506769129101 -0.139145953728962
1.21951219512195 0.354847457043762 -0.107375637049002 -0.105188437563587
1.46341463414634 0.334441635269235 -0.078202145731518 -0.0598265575654357
1.70731707317073 0.306453400638066 -0.0437146443201581 -0.00895116556851437
1.95121951219512 0.275076571099757 -0.006764354884225 0.0426451880026895
2.19512195121951 0.243054231268421 0.0305081008222023 0.0911782064695828
2.4390243902439 0.212108236498368 0.0665342409026917 0.13377935415645
2.68292682926829 0.183251182246848 0.100202945838156 0.168402178392351
2.92682926829268 0.1570115154672 0.130765628695799 0.193728639311833
3.17073170731707 0.133594688415015 0.15775817172235 0.209076553383863
3.41463414634146 0.112997443691459 0.180936931322466 0.214309156262648
3.65853658536585 0.095087928229844 0.200226520015619 0.209747691940479
3.90243902439024 0.0796610288259545 0.215677417948915 0.196087840145828
4.14634146341463 0.0664758816417458 0.227431772696596 0.174320686688307
4.39024390243902 0.0552806605244791 0.235696000083278 0.145658827414173
4.63414634146341 0.0458283657335383 0.240719009949474 0.111468092131558
4.8780487804878 0.0378863445458832 0.242775071988769 0.0732052727785736
5.1219512195122 0.0312415044782952 0.242150494048245 0.0323621360754069
5.36585365853658 0.0257026170736963 0.239133415839645 -0.00958410471244079
5.60975609756098 0.0211007448791049 0.234006137114605 -0.051213778325946
5.85365853658537 0.0172884636349654 0.227039494434538 -0.0912012124420471
6.09756097560976 0.0141383952920468 0.218488883324034 -0.128344751293849
6.34146341463415 0.0115413758528154 0.208591591681583 -0.161590506377526
6.58536585365854 0.00940447842775591 0.197565164382407 -0.190050084323449
6.82926829268293 0.00764904658034348 0.185606572282016 -0.213012597444881
7.07317073170732 0.00620881167963142 0.172892000891785 -0.229951316889938
7.31707317073171 0.00502815577967054 0.159577101389466 -0.240525374340079
7.5609756097561 0.00406053664460261 0.145797580450982 -0.244576959132353
7.80487804878049 0.00326708654424314 0.131670032062322 -0.242124487298873
8.04878048780488 0.00261537988506479 0.117292927178381 -0.233352239676001
8.29268292682927 0.00207834937754975 0.102747696762934 -0.218596978155182
8.53658536585366 0.00163335233454628 0.088099860519812 -0.198332057018827
8.78048780487805 0.00126135231977837 0.0734001600041665 -0.173149546285878
9.02439024390244 0.000946211773169911 0.0586856655809277 -0.143740873480889
9.26829268292683 0.000674072973456063 0.0439808349243919 -0.110876474369205
9.51219512195122 0.000432801010369853 0.0292985053126448 -0.0753849221725545
9.75609756097561 0.000211490625387964 0.0146408087533235 -0.038131981350433
