-1 0.367879441171442 0.367879441171442
-0.99 0.371576691022046 0.371576691022046
-0.98 0.3753110988514 0.3753110988514
-0.97 0.379083038103399 0.379083038103399
-0.96 0.382892885975112 0.382892885975112
-0.95 0.386741023454501 0.386741023454501
-0.94 0.390627835358521 0.390627835358521
-0.93 0.394553710371601 0.394553710371601
-0.92 0.398519041084514 0.398519041084514
-0.91 0.402524224033636 0.402524224033636
-0.9 0.406569659740599 0.406569659740599
-0.89 0.410655752752345 0.410655752752346
-0.88 0.414782911681581 0.414782911681581
-0.87 0.418951549247639 0.418951549247639
-0.86 0.423162082317749 0.423162082317749
-0.85 0.427414931948727 0.427414931948727
-0.84 0.43171052342908 0.43171052342908
-0.83 0.436049286321535 0.436049286321536
-0.82 0.440431654505999 0.440431654505999
-0.81 0.444858066222941 0.444858066222941
-0.8 0.449328964117221 0.449328964117222
-0.79 0.453844795282355 0.453844795282356
-0.78 0.458406011305223 0.458406011305224
-0.77 0.463013068311228 0.463013068311228
-0.76 0.46766642700991 0.467666427009909
-0.75 0.472366552741015 0.472366552741015
-0.74 0.477113915521034 0.477113915521034
-0.73 0.481908990090202 0.481908990090202
-0.72 0.486752255959971 0.486752255959972
-0.71 0.491644197460965 0.491644197460965
-0.7 0.496585303791409 0.49658530379141
-0.69 0.501576069066055 0.501576069066056
-0.68 0.506616992365589 0.50661699236559
-0.67 0.511708577786543 0.511708577786542
-0.66 0.516851334491699 0.516851334491699
-0.65 0.522045776761016 0.522045776761016
-0.64 0.527292424043048 0.527292424043049
-0.63 0.532591801006897 0.532591801006897
-0.62 0.537944437594674 0.537944437594674
-0.61 0.5433508690745 0.5433508690745
-0.6 0.548811636094027 0.548811636094026
-0.59 0.554327284734508 0.554327284734507
-0.58 0.559898366565402 0.559898366565402
-0.57 0.565525438699537 0.565525438699537
-0.56 0.571209063848815 0.571209063848815
-0.55 0.576949810380487 0.576949810380487
-0.54 0.58274825237399 0.58274825237399
-0.53 0.588604969678355 0.588604969678355
-0.52 0.594520547970195 0.594520547970194
-0.51 0.600495578812266 0.600495578812266
-0.5 0.606530659712634 0.606530659712633
-0.49 0.612626394184416 0.612626394184416
-0.48 0.618783391806141 0.618783391806141
-0.47 0.625002268282701 0.625002268282701
-0.46 0.631283645506926 0.631283645506926
-0.45 0.637628151621773 0.637628151621773
-0.44 0.644036421083141 0.644036421083141
-0.43 0.650509094723316 0.650509094723317
-0.42 0.657046819815057 0.657046819815057
-0.41 0.663650250136319 0.663650250136319
-0.4 0.670320046035639 0.670320046035639
-0.39 0.677056874498165 0.677056874498165
-0.38 0.683861409212356 0.683861409212356
-0.37 0.690734330637355 0.690734330637355
-0.36 0.697676326071031 0.697676326071031
-0.35 0.704688089718713 0.704688089718713
-0.34 0.71177032276261 0.71177032276261
-0.33 0.718923733431926 0.718923733431926
-0.32 0.726149037073691 0.726149037073691
-0.31 0.733446956224289 0.733446956224289
-0.3 0.740818220681718 0.740818220681718
-0.29 0.748263567578565 0.748263567578565
-0.28 0.755783741455725 0.755783741455725
-0.27 0.763379494336853 0.763379494336853
-0.26 0.771051585803566 0.771051585803566
-0.25 0.778800783071405 0.778800783071405
-0.24 0.786627861066553 0.786627861066553
-0.23 0.794533602503334 0.794533602503334
-0.22 0.802518797962478 0.802518797962478
-0.21 0.810584245970187 0.810584245970187
-0.2 0.818730753077982 0.818730753077982
-0.19 0.826959133943362 0.826959133943362
-0.18 0.835270211411272 0.835270211411272
-0.17 0.843664816596384 0.843664816596384
-0.16 0.852143788966211 0.852143788966211
-0.15 0.860707976425058 0.860707976425058
-0.14 0.869358235398806 0.869358235398806
-0.13 0.878095430920561 0.878095430920561
-0.12 0.886920436717157 0.886920436717157
-0.11 0.895834135296528 0.895834135296528
-0.1 0.90483741803596 0.90483741803596
-0.09 0.913931185271228 0.913931185271228
-0.08 0.923116346386636 0.923116346386636
-0.07 0.932393819905948 0.932393819905948
-0.06 0.941764533584249 0.941764533584249
-0.05 0.951229424500714 0.951229424500714
-0.04 0.960789439152323 0.960789439152323
-0.03 0.970445533548508 0.970445533548508
-0.02 0.980198673306755 0.980198673306755
-0.01 0.990049833749168 0.990049833749168
0 1 1
0.01 1.01005016708417 1.01005016708417
0.02 1.02020134002676 1.02020134002676
0.03 1.03045453395352 1.03045453395352
0.04 1.04081077419239 1.04081077419239
0.05 1.05127109637602 1.05127109637602
0.06 1.06183654654536 1.06183654654536
0.07 1.07250818125422 1.07250818125422
0.08 1.08328706767496 1.08328706767496
0.09 1.09417428370521 1.09417428370521
0.1 1.10517091807565 1.10517091807565
0.11 1.11627807045887 1.11627807045887
0.12 1.12749685157938 1.12749685157938
0.13 1.13882838332462 1.13882838332462
0.14 1.15027379885723 1.15027379885723
0.15 1.16183424272828 1.16183424272828
0.16 1.17351087099181 1.17351087099181
0.17 1.18530485132037 1.18530485132037
0.18 1.19721736312181 1.19721736312181
0.19 1.20924959765725 1.20924959765725
0.2 1.22140275816017 1.22140275816017
0.21 1.23367805995674 1.23367805995674
0.22 1.24607673058738 1.24607673058738
0.23 1.25860000992948 1.25860000992948
0.24 1.2712491503214 1.2712491503214
0.25 1.28402541668774 1.28402541668774
0.26 1.29693008666577 1.29693008666577
0.27 1.30996445073325 1.30996445073325
0.28 1.32312981233744 1.32312981233744
0.29 1.33642748802547 1.33642748802547
0.3 1.349858807576 1.349858807576
0.31 1.36342511413218 1.36342511413218
0.32 1.37712776433596 1.37712776433596
0.33 1.39096812846378 1.39096812846378
0.34 1.40494759056359 1.40494759056359
0.35 1.41906754859326 1.41906754859326
0.36 1.43332941456034 1.43332941456034
0.37 1.44773461466332 1.44773461466332
0.38 1.46228458943422 1.46228458943422
0.39 1.47698079388264 1.47698079388264
0.4 1.49182469764127 1.49182469764127
0.41 1.50681778511285 1.50681778511285
0.42 1.52196155561863 1.52196155561863
0.43 1.53725752354828 1.53725752354828
0.44 1.55270721851134 1.55270721851134
0.45 1.56831218549017 1.56831218549017
0.46 1.58407398499448 1.58407398499448
0.47 1.59999419321736 1.59999419321736
0.48 1.61607440219289 1.61607440219289
0.49 1.63231621995538 1.63231621995538
0.5 1.64872127070013 1.64872127070013
0.51 1.66529119494589 1.66529119494589
0.52 1.68202764969889 1.68202764969889
0.53 1.69893230861855 1.69893230861855
0.54 1.71600686218486 1.71600686218486
0.55 1.7332530178674 1.7332530178674
0.56 1.7506725002961 1.7506725002961
0.57 1.76826705143374 1.76826705143374
0.58 1.78603843075007 1.78603843075007
0.59 1.80398841539786 1.80398841539786
0.6 1.82211880039051 1.82211880039051
0.61 1.84043139878164 1.84043139878164
0.62 1.85892804184634 1.85892804184634
0.63 1.87761057926434 1.87761057926434
0.64 1.89648087930495 1.89648087930495
0.65 1.9155408290139 1.9155408290139
0.66 1.93479233440203 1.93479233440203
0.67 1.95423732063594 1.95423732063594
0.68 1.97387773223045 1.97387773223045
0.69 1.99371553324308 1.99371553324308
0.7 2.01375270747048 2.01375270747048
0.71 2.03399125864675 2.03399125864675
0.72 2.05443321064389 2.05443321064389
0.73 2.07508060767412 2.07508060767412
0.74 2.09593551449437 2.09593551449436
0.75 2.11700001661267 2.11700001661267
0.76 2.13827622049682 2.13827622049682
0.77 2.15976625378491 2.15976625378492
0.78 2.1814722654982 2.1814722654982
0.79 2.20339642625594 2.20339642625594
0.8 2.22554092849247 2.22554092849247
0.81 2.24790798667647 2.24790798667647
0.82 2.27049983753241 2.27049983753241
0.83 2.29331874026418 2.29331874026418
0.84 2.31636697678109 2.31636697678109
0.85 2.33964685192599 2.33964685192599
0.86 2.3631606937058 2.36316069370579
0.87 2.38691085352427 2.38691085352428
0.88 2.41089970641721 2.41089970641721
0.89 2.43512965128988 2.43512965128987
0.9 2.45960311115695 2.45960311115695
0.91 2.48432253338482 2.48432253338482
0.92 2.5092903899363 2.5092903899363
0.93 2.53450917761786 2.53450917761785
0.94 2.55998141832927 2.55998141832927
0.95 2.58570965931585 2.58570965931585
0.96 2.61169647342312 2.61169647342312
0.97 2.63794445935415 2.63794445935415
0.98 2.66445624192942 2.66445624192942
0.99 2.69123447234926 2.69123447234926
