0 0 0 0
0.1 0.1 0.05 0.05
0.2 0.2 0.1 0.1
0.3 0.3 0.15 0.15
0.4 0.4 0.2 0.2
0.5 0.5 0.25 0.25
0.6 0.6 0.3 0.3
0.7 0.7 0.35 0.35
0.8 0.8 0.4 0.4
0.9 0.9 0.45 0.45
1 1 0.5 0.5
1.1 1.1 0.65 0.75
1.2 1.2 0.8 1
1.3 1.3 0.95 1.25
1.4 1.4 1.1 1.5
1.5 1.5 1.25 1.75
1.6 1.6 1.4 2
1.7 1.7 1.55 2.25
1.8 1.8 1.7 2.5
1.9 1.9 1.85 2.75
2 2 2 3
2.1 2.1 2.25 3.65
2.2 2.2 2.5 4.3
2.3 2.3 2.75 4.95
2.4 2.4 3 5.6
2.5 2.5 3.25 6.25000000000001
2.6 2.6 3.5 6.90000000000001
2.7 2.7 3.75 7.55000000000001
2.8 2.8 4 8.20000000000001
2.9 2.9 4.25 8.85000000000001
3 3 4.5 9.50000000000002
3.1 3.1 4.85 10.75
3.2 3.2 5.20000000000001 12
3.3 3.3 5.55000000000001 13.25
3.4 3.4 5.90000000000001 14.5
3.5 3.5 6.25000000000001 15.75
3.6 3.6 6.60000000000001 17
3.7 3.7 6.95000000000001 18.25
3.8 3.8 7.30000000000001 19.5
3.9 3.9 7.65000000000001 20.75
4 4 8.00000000000001 22
4.1 4.1 8.45000000000001 24.05
4.2 4.2 8.90000000000001 26.1
4.3 4.3 9.35 28.15
4.4 4.4 9.8 30.2
4.5 4.5 10.25 32.25
4.6 4.6 10.7 34.3
4.7 4.7 11.15 36.35
4.8 4.8 11.6 38.4
4.9 4.9 12.05 40.45
5 5 12.5 42.5
