0 1 0 0
0.1 1 0.1 0.1
0.2 1 0.2 0.2
0.3 1 0.3 0.3
0.4 1 0.4 0.4
0.5 1 0.5 0.5
0.6 1 0.6 0.6
0.7 1 0.7 0.7
0.8 1 0.8 0.8
0.9 1 0.9 0.9
1 1 1 1
1.1 1 1.1 1.3
1.2 1 1.2 1.6
1.3 1 1.3 1.9
1.4 1 1.4 2.2
1.5 1 1.5 2.5
1.6 1 1.6 2.8
1.7 1 1.7 3.1
1.8 1 1.8 3.4
1.9 1 1.9 3.7
2 1 2 4
2.1 1 2.1 4.5
2.2 1 2.2 5
2.3 1 2.3 5.5
2.4 1 2.4 6
2.5 1 2.5 6.5
2.6 1 2.6 7.00000000000001
2.7 1 2.7 7.50000000000001
2.8 1 2.8 8.00000000000001
2.9 1 2.9 8.50000000000001
3 1 3 9.00000000000001
3.1 1 3.1 9.70000000000001
3.2 1 3.2 10.4
3.3 1 3.3 11.1
3.4 1 3.4 11.8
3.5 1 3.5 12.5
3.6 1 3.6 13.2
3.7 1 3.7 13.9
3.8 1 3.8 14.6
3.9 1 3.9 15.3
4 1 4 16
4.1 1 4.1 16.9
4.2 1 4.2 17.8
4.3 1 4.3 18.7
4.4 1 4.4 19.6
4.5 1 4.5 20.5
4.6 1 4.6 21.4
4.7 1 4.7 22.3
4.8 1 4.8 23.2
4.9 1 4.9 24.1
5 1 5 25
