-5 -0.886226880396045
-4.99 -0.886226881828641
-4.98 -0.886226883239538
-4.97 -0.886226884628851
-4.96 -0.886226885996692
-4.95 -0.886226887343171
-4.94 -0.886226888668395
-4.93 -0.88622688997247
-4.92 -0.8862268912555
-4.91 -0.886226892517586
-4.9 -0.886226893758829
-4.89 -0.886226894979325
-4.88 -0.886226896179171
-4.87 -0.886226897358459
-4.86 -0.886226898517285
-4.85 -0.886226899655735
-4.84 -0.886226900773901
-4.83 -0.886226901871867
-4.82 -0.886226902949721
-4.81 -0.886226904007544
-4.8 -0.886226905045418
-4.79 -0.886226906063424
-4.78 -0.88622690706164
-4.77 -0.886226908040142
-4.76000000000001 -0.886226908999006
-4.75000000000001 -0.886226909938303
-4.74000000000001 -0.886226910858106
-4.73000000000001 -0.886226911758484
-4.72000000000001 -0.886226912639504
-4.71000000000001 -0.886226822498842
-4.70000000000001 -0.886226823848838
-4.69000000000001 -0.886226825202414
-4.68000000000001 -0.886226826559158
-4.67000000000001 -0.88622682791865
-4.66000000000001 -0.886226829280462
-4.65000000000001 -0.886226946944177
-4.64000000000001 -0.88622694571195
-4.63000000000001 -0.886226944510937
-4.62000000000001 -0.886226943340738
-4.61000000000001 -0.886226942200942
-4.60000000000001 -0.886226941091121
-4.59000000000001 -0.886226940010831
-4.58000000000001 -0.88622693895961
-4.57000000000001 -0.886226937936985
-4.56000000000001 -0.886226936942462
-4.55000000000001 -0.886226935975536
-4.54000000000001 -0.886226935035684
-4.53000000000001 -0.886226934122367
-4.52000000000001 -0.886226933235031
-4.51000000000001 -0.886226932373104
-4.50000000000001 -0.886226931535999
-4.49000000000001 -0.886226930723111
-4.48000000000001 -0.886226929933819
-4.47000000000001 -0.886226929167482
-4.46000000000001 -0.886226928423442
-4.45000000000001 -0.886226927701023
-4.44000000000001 -0.886226926999525
-4.43000000000001 -0.886226926318232
-4.42000000000001 -0.886226925656403
-4.41000000000001 -0.886226925013275
-4.40000000000001 -0.886226924388061
-4.39000000000001 -0.88622692377995
-4.38000000000001 -0.886226923188101
-4.37000000000001 -0.886226922611647
-4.36000000000001 -0.88622692204969
-4.35000000000001 -0.886226921501297
-4.34000000000001 -0.886226920965505
-4.33000000000001 -0.886226920441309
-4.32000000000001 -0.886226919927668
-4.31000000000001 -0.886226919423495
-4.30000000000001 -0.886226918927661
-4.29000000000002 -0.886226918438982
-4.28000000000002 -0.886226917956227
-4.27000000000002 -0.886226917478103
-4.26000000000002 -0.886226917003258
-4.25000000000002 -0.886226916530272
-4.24000000000002 -0.886226916057654
-4.23000000000002 -0.886226915583836
-4.22000000000002 -0.886226915107164
-4.21000000000002 -0.886226914625897
-4.20000000000002 -0.886226914138193
-4.19000000000002 -0.886226913642107
-4.18000000000002 -0.88622691313558
-4.17000000000002 -0.886226912616429
-4.16000000000002 -0.88622691208234
-4.15000000000002 -0.886226911530855
-4.14000000000002 -0.886226910959361
-4.13000000000002 -0.886226910365078
-4.12000000000002 -0.886226909745048
-4.11000000000002 -0.886226909096116
-4.10000000000002 -0.886226908414919
-4.09000000000002 -0.886226907697866
-4.08000000000002 -0.886226906941125
-4.07000000000002 -0.886226906140598
-4.06000000000002 -0.886226905291906
-4.05000000000002 -0.886226904390362
-4.04000000000002 -0.886226903430951
-4.03000000000002 -0.886226902408305
-4.02000000000002 -0.886226901316671
-4.01000000000002 -0.886226900149887
-4.00000000000002 -0.886226898901348
-3.99000000000002 -0.886226897563972
-3.98000000000002 -0.886226896130167
-3.97000000000002 -0.886226894591786
-3.96000000000002 -0.886226892940094
-3.95000000000002 -0.886226891165715
-3.94000000000002 -0.886226889258591
-3.93000000000002 -0.886226887207928
-3.92000000000002 -0.886226885002143
-3.91000000000002 -0.886226882628801
-3.90000000000002 -0.886226880074562
-3.89000000000002 -0.886226877325102
-3.88000000000002 -0.886226874365053
-3.87000000000002 -0.886226871177921
-3.86000000000002 -0.886226867746001
-3.85000000000002 -0.8862268640503
-3.84000000000002 -0.886226860070432
-3.83000000000002 -0.886226855784529
-3.82000000000003 -0.886226851169127
-3.81000000000003 -0.886226846199057
-3.80000000000003 -0.886226840847323
-3.79000000000003 -0.886226835084973
-3.78000000000003 -0.886226828880959
-3.77000000000003 -0.886226822201995
-3.76000000000003 -0.886226815012397
-3.75000000000003 -0.886226807273915
-3.74000000000003 -0.88622679894556
-3.73000000000003 -0.886226789983412
-3.72000000000003 -0.886226780340414
-3.71000000000003 -0.886226769966168
-3.70000000000003 -0.886226758806694
-3.69000000000003 -0.886226746804197
-3.68000000000003 -0.886228599830851
-3.67000000000003 -0.88622857567436
-3.66000000000003 -0.88622854958507
-3.65000000000003 -0.886228521495677
-3.64000000000003 -0.886228491334298
-3.63000000000003 -0.886228459024113
-3.62000000000003 -0.886228424482985
-3.61000000000003 -0.886228387623054
-3.60000000000003 -0.886228348350308
-3.59000000000003 -0.886228306564125
-3.58000000000003 -0.886228262156789
-3.57000000000003 -0.886228215012974
-3.56000000000003 -0.886228165009197
-3.55000000000003 -0.88622811201324
-3.54000000000003 -0.886228055883537
-3.53000000000003 -0.886227996468519
-3.52000000000003 -0.886226332981957
-3.51000000000003 -0.886226289623117
-3.50000000000003 -0.886226243131337
-3.49000000000003 -0.886226193289047
-3.48000000000003 -0.886226139864274
-3.47000000000003 -0.886226082609753
-3.46000000000003 -0.886226021261967
-3.45000000000003 -0.886225955540146
-3.44000000000003 -0.886225885145198
-3.43000000000003 -0.886225809758586
-3.42000000000003 -0.886225729041138
-3.41000000000003 -0.886225642631786
-3.40000000000003 -0.886225550146241
-3.39000000000003 -0.886225451175588
-3.38000000000003 -0.886225345284801
-3.37000000000003 -0.886225232011183
-3.36000000000003 -0.886225110862707
-3.35000000000004 -0.88622498131628
-3.34000000000004 -0.886224842815901
-3.33000000000004 -0.886224694770719
-3.32000000000004 -0.886224536552992
-3.31000000000004 -0.886224367495928
-3.30000000000004 -0.886224186891416
-3.29000000000004 -0.886223993987628
-3.28000000000004 -0.886223787986501
-3.27000000000004 -0.886223568041084
-3.26000000000004 -0.886223333252735
-3.25000000000004 -0.886223082668188
-3.24000000000004 -0.88622281527645
-3.23000000000004 -0.88622253000555
-3.22000000000004 -0.88622222571911
-3.21000000000004 -0.886221901212749
-3.20000000000004 -0.886221555210294
-3.19000000000004 -0.886221186359805
-3.18000000000004 -0.886220793229396
-3.17000000000004 -0.88622037430285
-3.16000000000004 -0.886219927975007
-3.15000000000004 -0.886219452546928
-3.14000000000004 -0.886218946220824
-3.13000000000004 -0.886218407094727
-3.12000000000004 -0.886217833156904
-3.11000000000004 -0.886217222280003
-3.10000000000004 -0.886216572214914
-3.09000000000004 -0.886215880584332
-3.08000000000004 -0.886215144876019
-3.07000000000004 -0.886214362435741
-3.06000000000004 -0.886213530459875
-3.05000000000004 -0.886212645987671
-3.04000000000004 -0.886211705893147
-3.03000000000004 -0.886210706876618
-3.02000000000004 -0.886209645455828
-3.01000000000004 -0.886208517956682
-3.00000000000004 -0.886207320503553
-2.99000000000004 -0.886206049009156
-2.98000000000004 -0.886204699163964
-2.97000000000004 -0.886203266425157
-2.96000000000004 -0.886201746005078
-2.95000000000004 -0.886200132859187
-2.94000000000004 -0.886198421673484
-2.93000000000004 -0.886196606851395
-2.92000000000004 -0.886194682500084
-2.91000000000004 -0.886192642416187
-2.90000000000004 -0.886190480070939
-2.89000000000004 -0.886188188594677
-2.88000000000005 -0.88618576076069
-2.87000000000005 -0.886183188968404
-2.86000000000005 -0.886180465225872
-2.85000000000005 -0.886177581131548
-2.84000000000005 -0.886174527855323
-2.83000000000005 -0.886171296118795
-2.82000000000005 -0.886167876174755
-2.81000000000005 -0.886266914083767
-2.80000000000005 -0.886160430202442
-2.79000000000005 -0.886156382139526
-2.78000000000005 -0.886152101752852
-2.77000000000005 -0.886147576614067
-2.76000000000005 -0.886142793684925
-2.75000000000005 -0.886137739290534
-2.74000000000005 -0.886132399091598
-2.73000000000005 -0.886126758055624
-2.72000000000005 -0.886120800427081
-2.71000000000005 -0.886114509696468
-2.70000000000005 -0.886107868568264
-2.69000000000005 -0.886100858927736
-2.68000000000005 -0.88609346180657
-2.67000000000005 -0.886085657347301
-2.66000000000005 -0.886077981795462
-2.65000000000005 -0.886069250331011
-2.64000000000005 -0.886060047903954
-2.63000000000005 -0.886050350689207
-2.62000000000005 -0.886040133775512
-2.61000000000005 -0.886029371122017
-2.60000000000005 -0.886018035513423
-2.59000000000005 -0.886006098513698
-2.58000000000005 -0.885993530418303
-2.57000000000005 -0.885980300204909
-2.56000000000005 -0.885966375482576
-2.55000000000005 -0.885951722439363
-2.54000000000005 -0.885936305788342
-2.53000000000005 -0.885920088711981
-2.52000000000005 -0.885903032804877
-2.51000000000005 -0.885885098014803
-2.50000000000005 -0.885866242582048
-2.49000000000005 -0.885846422977023
-2.48000000000005 -0.885825593836096
-2.47000000000005 -0.885803707895659
-2.46000000000005 -0.885780715924365
-2.45000000000005 -0.88575656665355
-2.44000000000005 -0.885731206705791
-2.43000000000005 -0.885704580521592
-2.42000000000005 -0.885676852567766
-2.41000000000006 -0.885647535529892
-2.40000000000006 -0.885616770760333
-2.39000000000006 -0.885584493226413
-2.38000000000006 -0.885550635317784
-2.37000000000006 -0.885515126761511
-2.36000000000006 -0.885477894535174
-2.35000000000006 -0.88543886277799
-2.34000000000006 -0.88539795269995
-2.33000000000006 -0.885355082488959
-2.32000000000006 -0.885310167215981
-2.31000000000006 -0.885263118738196
-2.30000000000006 -0.88521384560017
-2.29000000000006 -0.885162252933039
-2.28000000000006 -0.885108242351721
-2.27000000000006 -0.885051711850177
-2.26000000000006 -0.88499255569471
-2.25000000000006 -0.884930664315355
-2.24000000000006 -0.884865924195355
-2.23000000000006 -0.884798217758752
-2.22000000000006 -0.884727423256134
-2.21000000000006 -0.884653414648561
-2.20000000000006 -0.884576061489698
-2.19000000000006 -0.884495228806209
-2.18000000000006 -0.884410776976449
-2.17000000000006 -0.884322561607492
-2.16000000000006 -0.884230048940273
-2.15000000000006 -0.884133864235063
-2.14000000000006 -0.884033452930889
-2.13000000000006 -0.883928650277396
-2.12000000000006 -0.883819286115546
-2.11000000000006 -0.883705184745957
-2.10000000000006 -0.883586164796047
-2.09000000000006 -0.883462039086048
-2.08000000000006 -0.883332614493998
-2.07000000000006 -0.883197691819793
-2.06000000000006 -0.883057065648399
-2.05000000000006 -0.882910524212334
-2.04000000000006 -0.882757849253514
-2.03000000000006 -0.882598815884606
-2.02000000000006 -0.882433192449973
-2.01000000000006 -0.882260740386367
-2.00000000000006 -0.882081214083479
-1.99000000000006 -0.8818943607445
-1.98000000000006 -0.881699920246824
-1.97000000000006 -0.881497625003046
-1.96000000000006 -0.881287199822403
-1.95000000000006 -0.88106836177283
-1.94000000000006 -0.880840820043784
-1.93000000000006 -0.880604275810008
-1.92000000000006 -0.880358422096424
-1.91000000000006 -0.880102943644314
-1.90000000000006 -0.879837516779006
-1.89000000000006 -0.879561809279229
-1.88000000000006 -0.879275480248362
-1.87000000000006 -0.878978179987762
-1.86000000000006 -0.878669549872386
-1.85000000000006 -0.878349222228933
-1.84000000000006 -0.878016820216709
-1.83000000000006 -0.87767195771145
-1.82000000000006 -0.877314239192332
-1.81000000000006 -0.876943259632405
-1.80000000000006 -0.87655860439268
-1.79000000000006 -0.876159849120129
-1.78000000000006 -0.875746559649834
-1.77000000000006 -0.875318291911537
-1.76000000000006 -0.874874591840859
-1.75000000000006 -0.874414995295437
-1.74000000000006 -0.87393902797624
-1.73000000000006 -0.873446205354343
-1.72000000000006 -0.872936032603417
-1.71000000000006 -0.87240800453821
-1.70000000000006 -0.871861605559297
-1.69000000000006 -0.871296309604365
-1.68000000000006 -0.870711580106329
-1.67000000000006 -0.870106869958534
-1.66000000000006 -0.869481621487342
-1.65000000000006 -0.868835266432384
-1.64000000000006 -0.868167225934742
-1.63000000000006 -0.867476959478667
-1.62000000000006 -0.86676376730433
-1.61000000000006 -0.866027089580367
-1.60000000000006 -0.865266127604544
-1.59000000000006 -0.86448060943857
-1.58000000000006 -0.863669710495236
-1.57000000000006 -0.862832778118202
-1.56000000000006 -0.861969149277586
-1.55000000000006 -0.861078150642097
-1.54000000000006 -0.860159098661831
-1.53000000000006 -0.85921129966201
-1.52000000000006 -0.858234049947881
-1.51000000000006 -0.857226635921049
-1.50000000000006 -0.856188334207463
-1.49000000000006 -0.855118411797294
-1.48000000000006 -0.854016126196929
-1.47000000000006 -0.852880725593291
-1.46000000000006 -0.851711449030698
-1.45000000000006 -0.850507526600461
-1.44000000000006 -0.849268179643405
-1.43000000000006 -0.847992620965487
-1.42000000000006 -0.846680055066698
-1.41000000000006 -0.845329678383381
-1.40000000000006 -0.843940679544133
-1.39000000000006 -0.842512239639404
-1.38000000000006 -0.841043532504931
-1.37000000000006 -0.839533725019099
-1.36000000000006 -0.837981977414331
-1.35000000000006 -0.836387443602577
-1.34000000000006 -0.834749271514978
-1.33000000000006 -0.833066603455739
-1.32000000000006 -0.831332120537302
-1.31000000000006 -0.829558306351784
-1.30000000000006 -0.827737380571507
-1.29000000000006 -0.82586846659303
-1.28000000000006 -0.823955457927535
-1.27000000000006 -0.821987535497761
-1.26000000000006 -0.819968988389035
-1.25000000000006 -0.817898928337994
-1.24000000000006 -0.815776465278481
-1.23000000000006 -0.81360070783645
-1.22000000000006 -0.811370763838458
-1.21000000000006 -0.809085740833582
-1.20000000000006 -0.806744746628544
-1.19000000000006 -0.804346889835854
-1.18000000000006 -0.801891280434725
-1.17000000000006 -0.799377030344501
-1.16000000000006 -0.796803254010334
-1.15000000000006 -0.79416906900079
-1.14000000000006 -0.791473596617082
-1.13000000000006 -0.788715962513586
-1.12000000000006 -0.785895297329258
-1.11000000000006 -0.783010737329588
-1.10000000000006 -0.780061425058675
-1.09000000000006 -0.777046510000987
-1.08000000000006 -0.773965149252365
-1.07000000000006 -0.7708165081998
-1.06000000000006 -0.767599761209479
-1.05000000000006 -0.764314092322598
-1.04000000000006 -0.760958695958397
-1.03000000000006 -0.757532777623878
-1.02000000000006 -0.754035554629607
-1.01000000000006 -0.750466256811028
-1.00000000000006 -0.746824127254669
-0.990000000000063 -0.743108423028597
-0.980000000000063 -0.739318415916483
-0.970000000000063 -0.735453393154614
-0.960000000000063 -0.731512658171144
-0.950000000000063 -0.727495531326908
-0.940000000000063 -0.723401350657069
-0.930000000000063 -0.719229472612862
-0.920000000000063 -0.714979272802699
-0.910000000000063 -0.710650146731867
-0.900000000000063 -0.706241510540046
-0.890000000000063 -0.701752801735869
-0.880000000000063 -0.69718347992772
-0.870000000000063 -0.692533027549967
-0.860000000000063 -0.687800466486593
-0.850000000000063 -0.68298630832686
-0.840000000000063 -0.678089610627433
-0.830000000000063 -0.67310995430392
-0.820000000000063 -0.668046946628893
-0.810000000000063 -0.662900221913519
-0.800000000000063 -0.657669442178781
-0.790000000000063 -0.652354297815446
-0.780000000000063 -0.646954508231921
-0.770000000000063 -0.64146982248915
-0.760000000000063 -0.635900019921716
-0.750000000000063 -0.630244910744281
-0.740000000000063 -0.624504336642553
-0.730000000000063 -0.618678171347918
-0.720000000000063 -0.612766321194932
-0.710000000000063 -0.606768725660842
-0.700000000000063 -0.60068535788633
-0.690000000000063 -0.594516225176682
-0.680000000000063 -0.588261369482598
-0.670000000000063 -0.581920867859864
-0.660000000000063 -0.575494832907133
-0.650000000000063 -0.568983413181068
-0.640000000000063 -0.562386793588132
-0.630000000000063 -0.555705195752297
-0.620000000000063 -0.548938878358013
-0.610000000000063 -0.542088137467744
-0.600000000000063 -0.535153306813448
-0.590000000000063 -0.528134758061363
-0.580000000000063 -0.521032901049516
-0.570000000000063 -0.513848183997376
-0.560000000000063 -0.50658144005377
-0.550000000000063 -0.499232473123916
-0.540000000000063 -0.491802224188328
-0.530000000000063 -0.484291296518825
-0.520000000000063 -0.476700332374297
-0.510000000000063 -0.469030013033235
-0.500000000000063 -0.461281058795205
-0.490000000000063 -0.453454228950968
-0.480000000000063 -0.445550321720934
-0.470000000000063 -0.437570174161694
-0.460000000000063 -0.429514662040402
-0.450000000000063 -0.421384699676819
-0.440000000000063 -0.413181239752883
-0.430000000000063 -0.404905273089658
-0.420000000000063 -0.396557828391631
-0.410000000000063 -0.388139971958282
-0.400000000000063 -0.379652807362954
-0.390000000000063 -0.371097475099058
-0.380000000000063 -0.362475152193691
-0.370000000000063 -0.353787051788802
-0.360000000000062 -0.34503442269005
-0.350000000000062 -0.336218548883579
-0.340000000000062 -0.327340749020928
-0.330000000000062 -0.318402375872385
-0.320000000000062 -0.309404815749087
-0.310000000000062 -0.300349487894242
-0.300000000000062 -0.29123784384387
-0.290000000000062 -0.282071366757506
-0.280000000000062 -0.272851570719355
-0.270000000000062 -0.2635800000104
-0.260000000000062 -0.254258228352044
-0.250000000000062 -0.244887858121865
-0.240000000000062 -0.235470519542121
-0.230000000000062 -0.22600786984168
-0.220000000000062 -0.216501592392071
-0.210000000000062 -0.206953395818401
-0.200000000000062 -0.197365013085907
-0.190000000000062 -0.187738200562952
-0.180000000000062 -0.178074737061303
-0.170000000000062 -0.168376422854552
-0.160000000000062 -0.158645078675595
-0.150000000000062 -0.148882544694075
-0.140000000000062 -0.139090679474762
-0.130000000000062 -0.129271358917838
-0.120000000000062 -0.119426475182106
-0.110000000000062 -0.109557935592133
-0.100000000000062 -0.0996676615303966
-0.0900000000000623 -0.0897570351642676
-0.0800000000000623 -0.0798292719262466
-0.0700000000000623 -0.0698855745955043
-0.0600000000000623 -0.0599279142039645
-0.0500000000000623 -0.049958270055133
-0.0400000000000623 -0.0399786285569169
-0.0300000000000623 -0.0299909820477801
-0.0200000000000623 -0.0199973276173313
-0.0100000000000623 -0.00999966592245037
-6.2307797810135E-14 -6.2307797810135E-14
0.00999999999993769 0.00999966592232577
0.0199999999999377 0.0199973276172067
0.0299999999999377 0.0299909820476556
0.0399999999999377 0.0399786285567925
0.0499999999999377 0.0499582700550087
0.0599999999999377 0.0599279142038404
0.0699999999999377 0.0698855745953803
0.0799999999999377 0.0798292719261228
0.0899999999999377 0.0897570351641439
0.0999999999999377 0.0996676615302732
0.109999999999938 0.10955793559201
0.119999999999938 0.119426475181983
0.129999999999938 0.129271358917716
0.139999999999938 0.139090679474639
0.149999999999938 0.148882544693953
0.159999999999938 0.158645078675474
0.169999999999938 0.168376422854431
0.179999999999938 0.178074737061182
0.189999999999938 0.187738200562832
0.199999999999938 0.197365013085787
0.209999999999938 0.206953395818282
0.219999999999938 0.216501592391952
0.229999999999938 0.226007869841562
0.239999999999938 0.235470519542004
0.249999999999938 0.244887858121748
0.259999999999938 0.254258228351928
0.269999999999938 0.263580000010284
0.279999999999938 0.272851570719239
0.289999999999938 0.282071366757392
0.299999999999938 0.291237843843756
0.309999999999938 0.300349487894129
0.319999999999938 0.309404815748975
0.329999999999938 0.318402375872273
0.339999999999938 0.327340749020817
0.349999999999938 0.336218548883468
0.359999999999938 0.345034422689941
0.369999999999938 0.353787051788693
0.379999999999938 0.362475152193583
0.389999999999938 0.371097475098951
0.399999999999938 0.379652807362848
0.409999999999938 0.388139971958177
0.419999999999938 0.396557828391526
0.429999999999938 0.404905273089554
0.439999999999938 0.41318123975278
0.449999999999938 0.421384699676718
0.459999999999938 0.429514662040301
0.469999999999938 0.437570174161594
0.479999999999938 0.445550321720835
0.489999999999938 0.45345422895087
0.499999999999938 0.461281058795108
0.509999999999938 0.469030013033139
0.519999999999938 0.476700332374202
0.529999999999938 0.48429129651873
0.539999999999938 0.491802224188235
0.549999999999938 0.499232473123824
0.559999999999938 0.506581440053679
0.569999999999938 0.513848183997286
0.579999999999938 0.521032901049427
0.589999999999938 0.528134758061276
0.599999999999938 0.535153306813361
0.609999999999938 0.542088137467658
0.619999999999938 0.548938878357928
0.629999999999938 0.555705195752213
0.639999999999938 0.562386793588049
0.649999999999938 0.568983413180987
0.659999999999938 0.575494832907052
0.669999999999938 0.581920867859784
0.679999999999938 0.588261369482519
0.689999999999938 0.594516225176604
0.699999999999938 0.600685357886253
0.709999999999938 0.606768725660767
0.719999999999938 0.612766321194858
0.729999999999938 0.618678171347845
0.739999999999938 0.624504336642481
0.749999999999938 0.63024491074421
0.759999999999938 0.635900019921646
0.769999999999938 0.641469822489081
0.779999999999938 0.646954508231853
0.789999999999938 0.65235429781538
0.799999999999938 0.657669442178715
0.809999999999938 0.662900221913454
0.819999999999938 0.668046946628829
0.829999999999938 0.673109954303857
0.839999999999938 0.678089610627371
0.849999999999938 0.682986308326799
0.859999999999938 0.687800466486533
0.869999999999938 0.692533027549909
0.879999999999938 0.697183479927663
0.889999999999938 0.701752801735813
0.899999999999938 0.70624151053999
0.909999999999938 0.710650146731812
0.919999999999938 0.714979272802646
0.929999999999938 0.719229472612809
0.939999999999938 0.723401350657017
0.949999999999938 0.727495531326857
0.959999999999938 0.731512658171094
0.969999999999938 0.735453393154565
0.979999999999938 0.739318415916435
0.989999999999938 0.74310842302855
0.999999999999938 0.746824127254623
1.00999999999994 0.750466256810983
1.01999999999994 0.754035554629563
1.02999999999994 0.757532777623835
1.03999999999994 0.760958695958355
1.04999999999994 0.764314092322556
1.05999999999994 0.767599761209438
1.06999999999994 0.77081650819976
1.07999999999994 0.773965149252326
1.08999999999994 0.777046510000948
1.09999999999994 0.780061425058638
1.10999999999994 0.783010737329552
1.11999999999994 0.785895297329222
1.12999999999994 0.788715962513551
1.13999999999994 0.791473596617048
1.14999999999994 0.794169069000756
1.15999999999994 0.796803254010302
1.16999999999994 0.79937703034447
1.17999999999994 0.801891280434694
1.18999999999994 0.804346889835824
1.19999999999994 0.806744746628514
1.20999999999994 0.809085740833553
1.21999999999994 0.81137076383843
1.22999999999994 0.813600707836422
1.23999999999994 0.815776465278454
1.24999999999994 0.817898928337968
1.25999999999994 0.81996898838901
1.26999999999994 0.821987535497737
1.27999999999994 0.82395545792751
1.28999999999994 0.825868466593006
1.29999999999994 0.827737380571484
1.30999999999994 0.829558306351761
1.31999999999994 0.831332120537281
1.32999999999994 0.833066603455717
1.33999999999994 0.834749271514957
1.34999999999994 0.836387443602556
1.35999999999994 0.837981977414311
1.36999999999994 0.83953372501908
1.37999999999994 0.841043532504912
1.38999999999994 0.842512239639386
1.39999999999994 0.843940679544115
1.40999999999994 0.845329678383364
1.41999999999994 0.846680055066681
1.42999999999994 0.847992620965471
1.43999999999994 0.849268179643389
1.44999999999994 0.850507526600446
1.45999999999994 0.851711449030683
1.46999999999994 0.852880725593276
1.47999999999994 0.854016126196915
1.48999999999994 0.855118411797281
1.49999999999994 0.856188334207449
1.50999999999994 0.857226635921036
1.51999999999994 0.858234049947868
1.52999999999994 0.859211299661998
1.53999999999994 0.860159098661819
1.54999999999994 0.861078150642085
1.55999999999994 0.861969149277575
1.56999999999994 0.862832778118191
1.57999999999994 0.863669710495225
1.58999999999994 0.86448060943856
1.59999999999994 0.865266127604535
1.60999999999994 0.866027089580358
1.61999999999994 0.866763767304321
1.62999999999994 0.867476959478658
1.63999999999994 0.868167225934733
1.64999999999994 0.868835266432376
1.65999999999994 0.869481621487334
1.66999999999994 0.870106869958526
1.67999999999994 0.870711580106322
1.68999999999994 0.871296309604358
1.69999999999994 0.87186160555929
1.70999999999994 0.872408004538203
1.71999999999994 0.87293603260341
1.72999999999994 0.873446205354337
1.73999999999994 0.873939027976234
1.74999999999994 0.874414995295431
1.75999999999994 0.874874591840854
1.76999999999994 0.875318291911532
1.77999999999994 0.875746559649829
1.78999999999994 0.876159849120125
1.79999999999994 0.876558604392675
1.80999999999994 0.8769432596324
1.81999999999994 0.877314239192328
1.82999999999994 0.877671957711446
1.83999999999994 0.878016820216705
1.84999999999994 0.878349222228929
1.85999999999994 0.878669549872382
1.86999999999994 0.878978179987758
1.87999999999994 0.879275480248359
1.88999999999994 0.879561809279225
1.89999999999994 0.879837516779002
1.90999999999994 0.880102943644311
1.91999999999994 0.880358422096421
1.92999999999994 0.880604275810006
1.93999999999994 0.880840820043781
1.94999999999994 0.881068361772827
1.95999999999994 0.8812871998224
1.96999999999994 0.881497625003043
1.97999999999994 0.881699920246822
1.98999999999994 0.881894360744497
1.99999999999994 0.882081214083476
2.00999999999994 0.882260740386365
2.01999999999994 0.882433192449971
2.02999999999994 0.882598815884604
2.03999999999994 0.882757849253512
2.04999999999994 0.882910524212332
2.05999999999994 0.883057065648398
2.06999999999994 0.883197691819791
2.07999999999994 0.883332614493996
2.08999999999994 0.883462039086046
2.09999999999994 0.883586164796046
2.10999999999994 0.883705184745956
2.11999999999994 0.883819286115544
2.12999999999994 0.883928650277395
2.13999999999994 0.884033452930888
2.14999999999994 0.884133864235063
2.15999999999994 0.884230048940272
2.16999999999994 0.884322561607491
2.17999999999994 0.884410776976448
2.18999999999994 0.884495228806208
2.19999999999993 0.884576061489697
2.20999999999993 0.88465341464856
2.21999999999993 0.884727423256133
2.22999999999993 0.884798217758751
2.23999999999993 0.884865924195354
2.24999999999993 0.884930664315355
2.25999999999993 0.884992555694709
2.26999999999993 0.885051711850176
2.27999999999993 0.885108242351721
2.28999999999993 0.885162252933038
2.29999999999993 0.88521384560017
2.30999999999993 0.885263118738196
2.31999999999993 0.885310167215981
2.32999999999993 0.885355082488959
2.33999999999993 0.88539795269995
2.34999999999993 0.885438862777989
2.35999999999993 0.885477894535173
2.36999999999993 0.885515126761511
2.37999999999993 0.885550635317784
2.38999999999993 0.885584493226412
2.39999999999993 0.885616770760332
2.40999999999993 0.885647535529891
2.41999999999993 0.885676852567766
2.42999999999993 0.885704580521592
2.43999999999993 0.885731206705791
2.44999999999993 0.88575656665355
2.45999999999993 0.885780715924364
2.46999999999993 0.885803707895658
2.47999999999993 0.885825593836096
2.48999999999993 0.885846422977023
2.49999999999993 0.885866242582048
2.50999999999993 0.885885098014803
2.51999999999993 0.885903032804877
2.52999999999993 0.885920088711981
2.53999999999993 0.885936305788342
2.54999999999993 0.885951722439363
2.55999999999993 0.885966375482576
2.56999999999993 0.885980300204909
2.57999999999993 0.885993530418303
2.58999999999993 0.886006098513698
2.59999999999993 0.886018035513423
2.60999999999993 0.886029371122017
2.61999999999993 0.886040133775512
2.62999999999993 0.886050350689206
2.63999999999993 0.886060047903954
2.64999999999993 0.886069250331011
2.65999999999993 0.886077981795462
2.66999999999992 0.886085657347301
2.67999999999992 0.88609346180657
2.68999999999992 0.886100858927736
2.69999999999992 0.886107868568264
2.70999999999992 0.886114509696469
2.71999999999992 0.886120800427082
2.72999999999992 0.886126758055624
2.73999999999992 0.886132399091598
2.74999999999992 0.886137739290534
2.75999999999992 0.886142793684925
2.76999999999992 0.886147576614067
2.77999999999992 0.886152101752852
2.78999999999992 0.886156382139526
2.79999999999992 0.886160430202442
2.80999999999992 0.886266914083767
2.81999999999992 0.886167876174755
2.82999999999992 0.886171296118795
2.83999999999992 0.886174527855323
2.84999999999992 0.886177581131548
2.85999999999992 0.886180465225872
2.86999999999992 0.886183188968404
2.87999999999992 0.88618576076069
2.88999999999992 0.886188188594677
2.89999999999992 0.886190480070939
2.90999999999992 0.886192642416187
2.91999999999992 0.886194682500084
2.92999999999992 0.886196606851395
2.93999999999992 0.886198421673484
2.94999999999992 0.886200132859186
2.95999999999992 0.886201746005078
2.96999999999992 0.886203266425157
2.97999999999992 0.886204699163965
2.98999999999992 0.886206049009157
2.99999999999992 0.886207320503554
3.00999999999992 0.886208517956682
3.01999999999992 0.886209645455828
3.02999999999992 0.886210706876618
3.03999999999992 0.886211705893147
3.04999999999992 0.886212645987671
3.05999999999992 0.886213530459875
3.06999999999992 0.886214362435741
3.07999999999992 0.886215144876019
3.08999999999992 0.886215880584332
3.09999999999992 0.886216572214914
3.10999999999992 0.886217222280003
3.11999999999992 0.886217833156904
3.12999999999992 0.886218407094727
3.13999999999991 0.886218946220825
3.14999999999991 0.886219452546928
3.15999999999991 0.886219927975007
3.16999999999991 0.88622037430285
3.17999999999991 0.886220793229397
3.18999999999991 0.886221186359805
3.19999999999991 0.886221555210294
3.20999999999991 0.886221901212749
3.21999999999991 0.88622222571911
3.22999999999991 0.88622253000555
3.23999999999991 0.88622281527645
3.24999999999991 0.886223082668188
3.25999999999991 0.886223333252736
3.26999999999991 0.886223568041084
3.27999999999991 0.886223787986502
3.28999999999991 0.886223993987628
3.29999999999991 0.886224186891416
3.30999999999991 0.886224367495929
3.31999999999991 0.886224536552993
3.32999999999991 0.88622469477072
3.33999999999991 0.886224842815901
3.34999999999991 0.88622498131628
3.35999999999991 0.886225110862707
3.36999999999991 0.886225232011183
3.37999999999991 0.886225345284802
3.38999999999991 0.886225451175588
3.39999999999991 0.886225550146242
3.40999999999991 0.886225642631786
3.41999999999991 0.886225729041138
3.42999999999991 0.886225809758587
3.43999999999991 0.886225885145199
3.44999999999991 0.886225955540146
3.45999999999991 0.886226021261968
3.46999999999991 0.886226082609753
3.47999999999991 0.886226139864274
3.48999999999991 0.886226193289047
3.49999999999991 0.886226243131338
3.50999999999991 0.886226289623117
3.51999999999991 0.886226332981957
3.52999999999991 0.886227996468519
3.53999999999991 0.886228055883537
3.54999999999991 0.88622811201324
3.55999999999991 0.886228165009197
3.56999999999991 0.886228215012974
3.57999999999991 0.886228262156789
3.58999999999991 0.886228306564126
3.59999999999991 0.886228348350308
3.6099999999999 0.886228387623054
3.6199999999999 0.886228424482985
3.6299999999999 0.886228459024113
3.6399999999999 0.886228491334298
3.6499999999999 0.886228521495677
3.6599999999999 0.88622854958507
3.6699999999999 0.88622857567436
3.6799999999999 0.886228599830851
3.6899999999999 0.886226746804197
3.6999999999999 0.886226758806694
3.7099999999999 0.886226769966168
3.7199999999999 0.886226780340415
3.7299999999999 0.886226789983412
3.7399999999999 0.886226798945561
3.7499999999999 0.886226807273915
3.7599999999999 0.886226815012397
3.7699999999999 0.886226822201996
3.7799999999999 0.886226828880959
3.7899999999999 0.886226835084973
3.7999999999999 0.886226840847324
3.8099999999999 0.886226846199057
3.8199999999999 0.886226851169127
3.8299999999999 0.886226855784529
3.8399999999999 0.886226860070432
3.8499999999999 0.8862268640503
3.8599999999999 0.886226867746001
3.8699999999999 0.886226871177921
3.8799999999999 0.886226874365054
3.8899999999999 0.886226877325102
3.8999999999999 0.886226880074562
3.9099999999999 0.886226882628802
3.9199999999999 0.886226885002143
3.9299999999999 0.886226887207929
3.9399999999999 0.886226889258591
3.9499999999999 0.886226891165715
3.9599999999999 0.886226892940094
3.9699999999999 0.886226894591786
3.9799999999999 0.886226896130167
3.9899999999999 0.886226897563972
3.9999999999999 0.886226898901348
4.0099999999999 0.886226900149887
4.0199999999999 0.886226901316671
4.0299999999999 0.886226902408305
4.0399999999999 0.886226903430951
4.0499999999999 0.886226904390362
4.0599999999999 0.886226905291906
4.0699999999999 0.886226906140599
4.0799999999999 0.886226906941125
4.0899999999999 0.886226907697867
4.09999999999989 0.886226908414919
4.10999999999989 0.886226909096117
4.11999999999989 0.886226909745049
4.12999999999989 0.886226910365079
4.13999999999989 0.886226910959361
4.14999999999989 0.886226911530855
4.15999999999989 0.88622691208234
4.16999999999989 0.886226912616429
4.17999999999989 0.88622691313558
4.18999999999989 0.886226913642107
4.19999999999989 0.886226914138193
4.20999999999989 0.886226914625897
4.21999999999989 0.886226915107165
4.22999999999989 0.886226915583836
4.23999999999989 0.886226916057655
4.24999999999989 0.886226916530273
4.25999999999989 0.886226917003258
4.26999999999989 0.886226917478103
4.27999999999989 0.886226917956227
4.28999999999989 0.886226918438982
4.29999999999989 0.886226918927661
4.30999999999989 0.886226919423496
4.31999999999989 0.886226919927668
4.32999999999989 0.88622692044131
4.33999999999989 0.886226920965505
4.34999999999989 0.886226921501298
4.35999999999989 0.88622692204969
4.36999999999989 0.886226922611648
4.37999999999989 0.886226923188101
4.38999999999989 0.88622692377995
4.39999999999989 0.886226924388062
4.40999999999989 0.886226925013275
4.41999999999989 0.886226925656403
4.42999999999989 0.886226926318232
4.43999999999989 0.886226926999525
4.44999999999989 0.886226927701023
4.45999999999989 0.886226928423443
4.46999999999989 0.886226929167482
4.47999999999989 0.886226929933819
4.48999999999989 0.886226930723111
4.49999999999989 0.886226931535999
4.50999999999989 0.886226932373104
4.51999999999989 0.886226933235031
4.52999999999989 0.886226934122367
4.53999999999989 0.886226935035684
4.54999999999989 0.886226935975536
4.55999999999989 0.886226936942462
4.56999999999988 0.886226937936985
4.57999999999988 0.88622693895961
4.58999999999988 0.886226940010831
4.59999999999988 0.886226941091122
4.60999999999988 0.886226942200943
4.61999999999988 0.886226943340738
4.62999999999988 0.886226944510937
4.63999999999988 0.886226945711951
4.64999999999988 0.886226946944177
4.65999999999988 0.886226829280462
4.66999999999988 0.88622682791865
4.67999999999988 0.886226826559158
4.68999999999988 0.886226825202414
4.69999999999988 0.886226823848838
4.70999999999988 0.886226822498842
4.71999999999988 0.886226912639504
4.72999999999988 0.886226911758484
4.73999999999988 0.886226910858106
4.74999999999988 0.886226909938303
4.75999999999988 0.886226908999006
4.76999999999988 0.886226908040142
4.77999999999988 0.88622690706164
4.78999999999988 0.886226906063424
4.79999999999988 0.886226905045418
4.80999999999988 0.886226904007544
4.81999999999988 0.886226902949721
4.82999999999988 0.886226901871867
4.83999999999988 0.886226900773901
4.84999999999988 0.886226899655735
4.85999999999988 0.886226898517284
4.86999999999988 0.88622689735846
4.87999999999988 0.88622689617917
4.88999999999988 0.886226894979325
4.89999999999988 0.886226893758829
4.90999999999988 0.886226892517586
4.91999999999988 0.8862268912555
4.92999999999988 0.88622688997247
4.93999999999988 0.886226888668395
4.94999999999988 0.886226887343171
4.95999999999988 0.886226885996692
4.96999999999988 0.886226884628851
4.97999999999988 0.886226883239538
4.98999999999988 0.886226881828641
4.99999999999988 0.886226880396045
