0 0
0.1 0.112462893687391
0.2 0.222701903548297
0.3 0.328621906874903
0.4 0.4283738939975
0.5 0.520496962242239
0.6 0.603850136707248
0.7 0.677791154283859
0.8 0.74208663985377
0.9 0.796920248302896
1 0.842729958487199
1.1 0.880261912901336
1.2 0.910410356715811
1.3 0.934008812808613
1.4 0.952287327724418
1.5 0.971740145000712
1.6 0.97635368637245
1.7 0.983819940945992
1.8 0.989127616315463
1.9 0.992811305207309
2 0.995349502997208
2.1 0.9970562492503
2.2 0.998183996305924
2.3 0.998917900083264
2.4 0.99929368485913
2.5 0.999572768883691
2.6 0.999742121108075
2.7 0.999843214716282
2.8 0.999902832363689
2.9 1.00432851542701
3 1.00558976797901
3.1 0.99998605609018
3.2 0.999996306083465
3.3 0.999999274721461
3.4 1.00000648364478
3.5 0.999994195654403
3.6 0.999998866731199
3.7 1.00000366423478
3.8 1.00000873738845
3.9 0.999892923210708
4 0.998916588724263
4.1 0.999046698326665
4.2 0.999174255670179
4.3 0.999296462716941
4.4 0.999411314225113
4.5 0.999517521328299
4.6 0.999614410498158
4.7 0.999599405049274
4.8 0.999665224590258
4.9 0.999721778435621
5 0.999769810343906
5.1 0.999810175553417
5.2 0.999843775619487
5.3 0.999871508255829
5.4 0.999894230908818
5.5 0.999912736274499
5.6 0.999927737735185
5.7 0.999950065559809
5.8 1.00434034229792
5.9 1.00494469361359
6 1.00559523090488
6.1 1.00629354946708
6.2 0.99998306332846
6.3 0.999987812365734
6.4 0.999992093907929
6.5 0.99999603416953
6.6 0.999984659657843
6.7 0.999987199582936
6.8 0.999989617922118
6.9 0.999991962617023
7 0.999994271418063
7.1 0.999996574478279
7.2 0.9999988963564
7.3 1.00000125752858
7.4 1.00000367550115
7.5 1.0000061656068
7.6 1.00000874155551
7.7 1.0000114158003
7.8 1.00001419976708
7.9 1.00001710398814
8 1.00002013817
8.1 1.00002331121935
8.2 0.999912672339097
8.3 0.999110990252662
8.4 0.999174255729242
8.5 0.999236171184119
8.6 0.999296462735954
8.7 0.999354904168782
8.8 0.999411314231066
8.9 0.999465553558407
9 0.999517521330111
9.1 0.99949628842159
9.2 0.999538774205373
9.3 0.999578699861111
9.4 0.99961608450327
9.5 0.999650968686051
9.6 0.999683411151224
9.7 0.999713485762693
9.8 0.999741278651909
9.9 0.99976688559043
10 0.999790409599037
