-4.13 -0.270488620878791 NaN NaN
-4.08 -0.4662800489358 NaN NaN
-4.03 -1.32936588511034 NaN NaN
-3.98 2.14836108505538 NaN NaN
-3.93 0.666418523806061 NaN NaN
-3.88 0.425341185568179 NaN NaN
-3.83 0.331112571883018 NaN NaN
-3.78 0.284477087602916 NaN NaN
-3.73 0.25992286309876 NaN NaN
-3.68 0.248140558001401 NaN NaN
-3.63 0.245167354412202 NaN NaN
-3.58 0.249327961223499 NaN NaN
-3.53 0.260191718159667 NaN NaN
-3.48 0.278230919532718 NaN NaN
-3.43 0.304824018772498 NaN NaN
-3.38 0.342549220791849 NaN NaN
-3.33 0.395903912010806 NaN NaN
-3.28 0.472892076766668 NaN NaN
-3.23 0.588748168945652 NaN NaN
-3.18 0.775917965866018 NaN NaN
-3.13 1.11711800422937 NaN NaN
-3.08 1.90242259965797 NaN NaN
-3.03 5.35734451699405 NaN NaN
-2.98 -8.55047711852187 NaN NaN
-2.93 -2.61902479855797 NaN NaN
-2.88 -1.65032380000457 NaN NaN
-2.83 -1.26816115031198 NaN NaN
-2.78 -1.07532339113903 NaN NaN
-2.73 -0.969512279358382 NaN NaN
-2.68000000000001 -0.913157253445156 NaN NaN
-2.63000000000001 -0.889957496516294 NaN NaN
-2.58000000000001 -0.892594101180129 NaN NaN
-2.53000000000001 -0.918476765103621 NaN NaN
-2.48000000000001 -0.968243599973857 NaN NaN
-2.43000000000001 -1.04554638438966 NaN NaN
-2.38000000000001 -1.15781636627644 NaN NaN
-2.33000000000001 -1.31836002699597 NaN NaN
-2.28000000000001 -1.55108601179465 NaN NaN
-2.23000000000001 -1.90165658569443 NaN NaN
-2.18000000000001 -2.46741913145388 NaN NaN
-2.13000000000001 -3.49657935323782 NaN NaN
-2.08000000000001 -5.85946160694627 NaN NaN
-2.03000000000001 -16.23275388649 NaN NaN
-1.98000000000001 25.4804218131992 NaN NaN
-1.93000000000001 7.67374265977511 NaN NaN
-1.88000000000001 4.75293254401328 NaN NaN
-1.83000000000001 3.58889605538296 NaN NaN
-1.78000000000001 2.98939902736653 NaN NaN
-1.73000000000001 2.6467685226484 NaN NaN
-1.68000000000001 2.44726143923303 NaN NaN
-1.63000000000001 2.34058821583787 NaN NaN
-1.58000000000001 2.30289278104473 NaN NaN
-1.53000000000001 2.32374621571217 NaN NaN
-1.48000000000001 2.40124412793517 NaN NaN
-1.43000000000001 2.54067771406689 NaN NaN
-1.38000000000001 2.75560295173794 NaN NaN
-1.33000000000001 3.07177886290061 NaN NaN
-1.28000000000001 3.5364761068918 NaN NaN
-1.23000000000001 4.24069418609859 NaN NaN
-1.18000000000001 5.37897370656949 NaN NaN
-1.13000000000001 7.4477140223966 NaN NaN
-1.08000000000001 12.1876801424484 NaN NaN
-1.03000000000001 32.9524903895758 NaN NaN
-0.980000000000006 -50.4512351901328 NaN NaN
-0.930000000000006 -14.8103233333658 NaN NaN
-0.880000000000006 -8.93551318274492 NaN NaN
-0.830000000000006 -6.56767978135082 NaN NaN
-0.780000000000006 -5.32113026871243 NaN NaN
-0.730000000000006 -4.57890954418173 NaN NaN
-0.680000000000006 -4.1113992179115 NaN NaN
-0.630000000000006 -3.81515879181573 NaN NaN
-0.580000000000006 -3.63857059405071 NaN NaN
-0.530000000000006 -3.55533171003963 NaN NaN
-0.480000000000006 -3.55384130934407 NaN NaN
-0.430000000000006 -3.63316913111566 NaN NaN
-0.380000000000006 -3.80273207339838 NaN NaN
-0.330000000000006 -4.08546588765784 NaN NaN
-0.280000000000006 -4.52668941682153 NaN NaN
-0.230000000000006 -5.21605384890132 NaN NaN
-0.180000000000006 -6.34718897375204 NaN NaN
-0.130000000000006 -8.41591684530823 NaN NaN
-0.0800000000000061 -13.1626945538444 NaN NaN
-0.0300000000000061 -33.9410651012636 NaN NaN
0.0199999999999939 49.4422096284973 NaN NaN
0.0699999999999939 13.7736004628182 NaN NaN
0.119999999999994 7.86325146628473 1.92747604217254 6.87214333417007
0.169999999999994 5.45117412579793 1.60904302453876 4.99802595031309
0.219999999999994 4.15048153934887 1.37036930150946 3.93680429481426
0.269999999999994 3.34260391091545 1.17387148055338 3.23449069775787
0.319999999999994 2.79575142121791 1.00704576629856 2.73750183729
0.369999999999994 2.4035499985729 0.863068077568819 2.37042218773905
0.419999999999994 2.11037090925164 0.737466098050649 2.09063134237253
0.469999999999994 1.88432577483259 0.627049181266959 1.87207825724773
0.519999999999994 1.70584379998164 0.529434209380873 1.6979713405348
0.569999999999994 1.56226270025602 0.442788184718961 1.55704249401694
0.619999999999994 1.44503816369002 0.365670248814205 1.44147983459088
0.669999999999994 1.34820372029355 0.29692750992658 1.34571774473415
0.719999999999994 1.26747301536348 0.235623274114329 1.26569739936643
0.769999999999994 1.19969236496086 0.180986121776218 1.19839854753457
0.819999999999994 1.1424939958625 0.132372969039961 1.14153399671888
0.869999999999994 1.09406917119482 0.0892417859961863 1.09334497987531
0.919999999999994 1.05301554619747 0.0511311300843353 1.05246089352074
0.969999999999994 1.01823193539884 0.0176445757159883 1.01780116084573
1.01999999999999 0.988844192569643 -0.0115612836737689 0.988505291155834
1.06999999999999 0.964152032397188 -0.0367861905934094 0.963882200400236
1.11999999999999 0.943590175954118 -0.0582935980642476 0.943372934306153
1.16999999999999 0.926699601385614 -0.0763165426494745 0.926522876130027
1.21999999999999 0.91310593865673 -0.0910623664018302 0.912960771045415
1.26999999999999 0.90250305594715 -0.10271654723865 0.902382720107569
1.31999999999999 0.894640454789718 -0.111445832025428 0.89453984550253
1.36999999999999 0.889313499471956 -0.117400819325213 0.889228701675679
1.41999999999999 0.886355781885675 -0.120718104061856 0.886283764174937
1.46999999999999 0.885633114171306 -0.121522070625461 0.885571508016107
1.51999999999999 0.887038775990444 -0.119926401704234 0.886985714951934
1.56999999999999 0.890489739145919 -0.116035355594734 0.890443740572906
1.61999999999999 0.895923661487802 -0.109944853672439 0.895883538621387
1.66999999999999 0.903296492596671 -0.101743411201336 0.903261288665985
1.71999999999999 0.912580571061695 -0.0915129380781798 0.912549509438737
1.76999999999999 0.92376312101986 -0.0793294309721078 0.923735567209613
1.81999999999999 0.936845076607248 -0.0652635742861973 0.936820509036462
1.86999999999999 0.951840178939484 -0.0493812641767915 0.951818166340794
1.92 0.968774302501662 -0.031744067326211 0.968754486280371
1.97 0.987684977336868 -0.0124096241297318 0.987667057730348
2.02 1.00862107642103 0.00856799568178823 1.00860480601193
2.06999999999999 1.03164267466499 0.0311379782907073 1.0316278363124
2.11999999999999 1.05682099706861 0.0552524863021239 1.05680741038805
2.16999999999999 1.08423853362116 0.080866409789552 1.08422604490608
2.21999999999999 1.11398924516121 0.107937143881364 1.11397772286991
2.26999999999999 1.14617888105288 0.136424389495397 1.14616821214251
2.31999999999999 1.18092540032242 0.166289974329732 1.18091548725626
2.36999999999999 1.21835949427658 0.197497691635121 1.21835025256946
2.41999999999999 1.25862521027765 0.230013154644209 1.25861656647371
2.46999999999999 1.30188067783182 0.263803664826606 1.30187256783094
2.51999999999999 1.34829893950547 0.298838092387014 1.3482913071727
2.56999999999999 1.39806889045909 0.335086767633718 1.39806168646421
2.61999999999999 1.45139633161024 0.372521382023385 1.45138951245587
2.66999999999999 1.50850514263644 0.411114897840501 1.50849866984077
2.71999999999999 1.56963858222611 0.450841465600078 1.56963242163319
2.76999999999999 1.63506072420514 0.491676348374215 1.63505484540073
2.81999999999999 1.70505803942518 0.533595852339391 1.70505241524033
2.86999999999999 1.77994113461683 0.576577262924543 1.77993574070451
2.91999999999999 1.86004666080318 0.620598786012028 1.86004147527608
2.96999999999999 1.94573940535362 0.665639493706037 1.94573440847328
3.01999999999999 2.03741457437047 0.711679274237511 2.03740975726171
3.06999999999999 2.13550033655652 0.758698785622043 2.13549567417042
3.11999999999999 2.24046051378543 0.806679412728823 2.24045599137683
3.16999999999999 2.3527976179579 0.855603227455093 2.35279322205751
3.21999999999999 2.47305612425785 0.905452951732602 2.47305184252048
3.26999999999999 2.60182605999 0.956211923120715 2.60182188106192
3.31999999999999 2.73974692874799 1.00786406276575 2.73974284215053
3.36999999999999 2.88751200143546 1.0603938455281 2.88750799746261
3.41999999999999 3.04587300887191 1.11378627209813 3.04586907849992
3.46999999999999 3.21564527424455 1.16802684293943 3.21564140905194
3.51999999999999 3.39771332755376 1.22310153391289 3.39770951965005
3.56999999999999 3.59303704847983 1.27899677344947 3.59303329044211
3.61999999999999 3.80265838881881 1.3356994211511 3.80265467363494
3.66999999999999 4.02770873083926 1.39319674771072 4.02770505185679
3.71999999999999 4.26941694365498 1.45147641605181 4.26941329453501
3.76999999999999 4.52911820604821 1.51052646359685 4.52911458072353
3.81999999999999 4.80826367117898 1.57033528558209 4.80826006381605
3.86999999999999 5.10843105635028 1.63089161934283 5.10842746131428
3.91999999999999 5.43133624954523 1.69218452950018 5.43133266136794
3.96999999999999 5.77884603390021 1.75420339398601 5.77884244725017
