0 4.95866865452411
0.1 4.94153071146244
0.2 4.92439276840077
0.3 4.9072548253391
0.4 4.89011688227743
0.5 4.87297893921576
0.6 4.8558409961541
0.7 4.83870305309243
0.8 4.82156511003076
0.9 4.80442716696909
1 4.78728922390742
1.1 4.77015128084575
1.2 4.75301333778409
1.3 4.73587539472242
1.4 4.71873745166075
1.5 4.70159950859908
1.6 4.68446156553741
1.7 4.66732362247574
1.8 4.65018567941408
1.9 4.63304773635241
2 4.61590979329074
2.1 4.59877185022907
2.2 4.5816339071674
2.3 4.56449596410573
2.4 4.54735802104407
2.5 4.5302200779824
2.6 4.51308213492073
2.7 4.49594419185906
2.8 4.47880624879739
2.9 4.46166830573572
3 4.44453036267405
3.1 4.42739241961239
3.2 4.41025447655072
3.3 4.39311653348905
3.4 4.37597859042738
3.5 4.35884064736571
3.6 4.34170270430405
3.7 4.32456476124238
3.8 4.30742681818071
3.9 4.29028887511904
4 4.27315093205737
4.1 4.2560129889957
4.2 4.23887504593404
4.3 4.22173710287237
4.4 4.2045991598107
4.5 4.18746121674903
4.6 4.17032327368736
4.7 4.15318533062569
4.8 4.13604738756403
4.9 4.11890944450236
5 4.10177150144069
5.1 4.08463355837902
5.2 4.06749561531735
5.3 4.05035767225568
5.4 4.03321972919402
5.5 4.01608178613235
5.6 3.99894384307068
5.7 3.98180590000901
5.8 3.96466795694734
5.9 3.94753001388567
5.99999999999999 3.93039207082401
6.09999999999999 3.91325412776234
6.19999999999999 3.89611618470067
6.29999999999999 3.878978241639
6.39999999999999 3.86184029857733
6.49999999999999 3.84470235551566
6.59999999999999 3.827564412454
6.69999999999999 3.81042646939233
6.79999999999999 3.79328852633066
6.89999999999999 3.77615058326899
6.99999999999999 3.75901264020732
7.09999999999999 3.74187469714566
7.19999999999999 3.72473675408399
7.29999999999999 3.70759881102232
7.39999999999999 3.69046086796065
7.49999999999999 3.67332292489898
7.59999999999999 3.65618498183731
7.69999999999999 3.63904703877565
7.79999999999999 3.62190909571398
7.89999999999999 3.60477115265231
7.99999999999999 3.58763320959064
8.09999999999999 3.57049526652897
8.19999999999999 3.5533573234673
8.29999999999999 3.53621938040564
8.39999999999999 3.51908143734397
8.49999999999999 3.5019434942823
8.59999999999999 3.48480555122063
8.69999999999999 3.46766760815896
8.79999999999998 3.45052966509729
8.89999999999998 3.43339172203563
8.99999999999998 3.41625377897396
9.09999999999998 3.39911583591229
9.19999999999998 3.38197789285062
9.29999999999998 3.36483994978895
9.39999999999998 3.34770200672728
9.49999999999998 3.33056406366562
9.59999999999998 3.31342612060395
9.69999999999998 3.29628817754228
9.79999999999998 3.27915023448061
9.89999999999998 3.26201229141894
9.99999999999998 3.24487434835727
10.1 3.22773640529561
10.2 3.21059846223394
10.3 3.19346051917227
10.4 3.1763225761106
10.5 3.15918463304893
10.6 3.14204668998727
10.7 3.1249087469256
10.8 3.10777080386393
10.9 3.09063286080226
11 3.07349491774059
11.1 3.05635697467892
11.2 3.03921903161726
11.3 3.02208108855559
11.4 3.00494314549392
11.5 2.98780520243225
11.6 2.97066725937058
11.7 2.95352931630891
11.8 2.93639137324725
11.9 2.91925343018558
12 2.90211548712391
12.1 2.88497754406224
12.2 2.86783960100057
12.3 2.8507016579389
12.4 2.83356371487724
12.5 2.81642577181557
12.6 2.7992878287539
12.7 2.78214988569223
12.8 2.76501194263056
12.9 2.74787399956889
13 2.73073605650723
13.1 2.71359811344556
13.2 2.69646017038389
13.3 2.67932222732222
13.4 2.66218428426055
13.5 2.64504634119889
13.6 2.62790839813722
13.7 2.61077045507555
13.8 2.59363251201388
13.9 2.57649456895221
14 2.55935662589054
14.1 2.54221868282888
14.2 2.52508073976721
14.3 2.50794279670554
14.4 2.49080485364387
14.5 2.4736669105822
14.6 2.45652896752053
14.7 2.43939102445887
14.8 2.4222530813972
14.9 2.40511513833553
15 2.38797719527386
15.1 2.37083925221219
15.2 2.35370130915052
15.3 2.33656336608886
15.4 2.31942542302719
15.5 2.30228747996552
15.6 2.28514953690385
15.7 2.26801159384218
15.8 2.25087365078052
15.9 2.23373570771885
16 2.21659776465718
16.1 2.19945982159551
16.2 2.18232187853384
16.3 2.16518393547217
16.4 2.1480459924105
16.5 2.13090804934884
16.6 2.11377010628717
16.7 2.0966321632255
16.8 2.07949422016383
16.9 2.06235627710216
17 2.04521833404049
17.1 2.02808039097882
17.2 2.01094244791716
17.3 1.99380450485549
17.4 1.97666656179382
17.5 1.95952861873215
17.6 1.94239067567048
17.7 1.92525273260881
17.8 1.90811478954714
17.9 1.89097684648548
18 1.87383890342381
18.1 1.85670096036214
18.2 1.83956301730047
18.3 1.8224250742388
18.4 1.80528713117713
18.5 1.78814918811546
18.6 1.7710112450538
18.7 1.75387330199213
18.8 1.73673535893046
18.9 1.71959741586879
19 1.70245947280712
19.1 1.68532152974545
19.2 1.66818358668378
19.3 1.65104564362212
19.4 1.63390770056045
19.5 1.61676975749878
19.6 1.59963181443711
19.7 1.58249387137544
19.8 1.56535592831377
19.9 1.5482179852521
