Data =
         1          2          3          4          6          9         10         13         15 
      4.76       4.61       4.48       4.28       3.97       3.38       3.23       2.72       2.41 
         5          5          5          5          5          1          1          1          1 
A =
         1       4.76 
         2       4.61 
         3       4.48 
         4       4.28 
         6       3.97 
         9       3.38 
        10       3.23 
        13       2.72 
        15       2.41 
Offset , Decay Parameter =      4.96      0.171 
